1 8.9
2 5.5
3 6.7
4 11.0
5 13.9
6 5.5
7 17.8
8 0.8
9 12.3
10 19.8
11 12.6
12 17.0
13 0.6
14 18.5
15 0.6
16 18.8
17 9.7
18 16.8
19 19.1
20 4.6
21 1.2
22 11.7
23 9.9
24 5.7
25 4.9
26 8.9
27 3.9
28 17.6
29 4.4
30 19.6
31 17.0
32 17.7
33 8.5
34 12.7
35 13.7
36 5.1
37 1.6
38 12.7
39 3.1
40 2.1
41 14.2
42 8.9
43 11.4
44 14.5
45 18.0
46 17.2
47 15.3
48 11.6
49 4.1
50 3.9
51 5.7
52 1.0
53 19.8
54 8.8
55 18.3
56 18.6
57 1.3
58 3.8
59 2.3
60 9.2
61 15.6
62 4.4
63 17.9
64 17.1
65 17.9
66 17.1
67 9.6
68 6.7
69 8.8
70 3.5
71 15.4
72 7.1
73 18.8
74 9.3
75 8.0
76 1.5
77 17.5
78 4.7
79 16.2
80 16.5
81 5.4
82 10.9
83 1.5
84 12.3
85 6.1
86 19.2
87 5.1
88 5.8
89 3.1
90 2.2
91 18.1
92 16.1
93 1.0
94 3.1
95 15.8
96 18.4
97 4.0
98 1.5
99 0.5
100 13.6
101 18.3
102 16.4
103 4.8
104 13.0
105 12.2
106 6.2
107 15.7
108 15.2
109 14.5
110 14.1
111 16.7
112 7.6
113 19.6
114 8.4
115 5.2
116 14.7
117 6.1
118 10.5
119 0.3
120 5.3
121 11.4
122 18.1
123 13.1
124 8.3
125 8.2
126 15.0
127 7.8
128 7.0
129 6.3
130 12.6
131 18.0
132 17.6
133 12.9
134 16.0
135 3.6
136 11.3
137 8.4
138 4.7
139 14.2
140 1.7
141 13.5
142 11.5
143 1.1
144 17.2
145 9.4
146 14.5
147 14.2
148 15.9
149 1.8
150 2.9
151 3.6
152 1.4
153 10.7
154 9.5
155 10.2
156 11.9
157 3.9
158 17.5
159 15.1
160 15.0
161 16.5
162 14.2
163 7.3
164 8.6
165 11.4
166 3.5
167 17.8
168 5.7
169 18.9
170 3.0
171 8.4
172 19.6
173 4.6
174 14.0
175 11.5
176 2.6
177 13.6
178 1.6
179 7.9
180 17.2
181 4.0
182 2.6
183 17.7
184 8.2
185 17.3
186 8.7
187 4.2
188 17.6
189 7.1
190 4.5
191 12.6
192 7.1
193 9.3
194 16.9
195 12.8
196 16.6
197 7.1
198 1.5
199 18.3
200 11.8
201 3.3
202 6.1
203 10.2
204 1.5
205 10.4
206 1.3
207 15.4
208 11.4
209 7.9
210 14.1
211 9.2
212 0.4
213 12.3
214 1.2
215 9.4
216 9.2
217 17.3
218 13.9
219 13.8
220 1.8
221 12.5
222 2.9
223 1.4
224 10.7
225 9.2
226 15.7
227 10.8
228 1.3
229 11.4
230 17.1
231 7.0
232 13.1
233 13.3
234 9.0
235 3.8
236 2.1
237 8.3
238 16.9
239 8.4
240 17.6
241 0.7
242 5.9
243 16.9
244 1.3
245 9.5
246 18.2
247 1.5
248 16.9
249 7.8
250 1.3
251 1.1
252 2.5
253 13.4
254 2.6
255 7.5
256 12.7
257 4.5
258 13.2
259 5.0
260 18.1
261 18.4
262 2.4
263 9.1
264 18.1
265 12.5
266 6.3
267 17.8
268 0.2
269 11.4
270 7.6
271 5.3
272 0.7
273 4.3
274 16.8
275 7.3
276 2.6
277 8.8
278 6.8
279 6.5
280 6.1
281 1.3
282 0.2
283 13.0
284 8.1
285 17.2
286 19.3
287 19.4
288 2.2
289 9.3
290 1.9
291 15.0
292 11.6
293 6.1
294 5.2
295 5.0
296 2.3
297 15.6
298 9.7
299 17.2
300 17.9
301 7.2
302 4.3
303 9.8
304 14.0
305 8.0
306 19.1
307 11.3
308 0.0
309 9.1
310 13.9
311 1.5
312 3.5
313 4.6
314 16.7
315 3.2
316 2.2
317 10.8
318 19.7
319 6.1
320 2.2
321 14.3
322 6.2
323 15.6
324 16.4
325 0.5
326 7.5
327 13.6
328 19.8
329 7.9
330 18.0
331 2.4
332 8.2
333 4.3
334 4.1
335 5.3
336 4.2
337 4.1
338 1.1
339 12.5
340 1.7
341 3.4
342 11.8
343 19.8
344 12.0
345 5.2
346 2.2
347 14.0
348 4.5
349 0.2
350 9.8
351 18.6
352 17.6
353 12.0
354 2.5
355 6.3
356 4.3
357 6.1
358 16.8
359 4.0
360 6.2
361 4.9
362 10.1
363 2.0
364 18.9
365 4.5
366 9.1
367 18.9
368 17.4
369 17.0
370 11.4
371 16.9
372 1.0
373 17.0
374 13.0
375 15.2
376 13.6
377 13.1
378 0.4
379 16.0
380 13.6
381 13.0
382 11.7
383 7.7
384 14.7
385 18.0
386 1.6
387 0.4
388 19.6
389 8.7
390 7.9
391 4.6
392 17.9
393 0.7
394 15.0
395 2.6
396 1.4
397 6.8
398 17.2
399 17.9
400 2.0
401 11.3
402 11.8
403 13.7
404 8.0
405 11.9
406 0.2
407 5.9
408 19.8
409 4.0
410 17.3
411 19.4
412 12.5
413 15.2
414 12.1
415 4.8
416 10.5
417 7.8
418 11.9
419 4.7
420 10.8
421 16.0
422 10.8
423 16.7
424 12.8
425 11.6
426 5.1
427 3.9
428 5.1
429 4.3
430 13.6
431 1.3
432 19.2
433 15.1
434 19.6
435 2.4
436 13.4
437 0.6
438 6.6
439 12.2
440 19.1
441 12.7
442 1.2
443 2.0
444 12.7
445 7.3
446 5.1
447 19.3
448 1.5
449 7.4
450 0.9
451 18.0
452 4.5
453 7.7
454 9.2
455 7.8
456 1.0
457 1.3
458 11.4
459 9.5
460 11.1
461 3.0
462 6.0
463 7.8
464 13.3
465 10.7
466 12.0
467 1.2
468 7.2
469 8.9
470 10.3
471 13.0
472 1.5
473 9.1
474 6.3
475 3.4
476 7.4
477 19.1
478 2.2
479 8.3
480 0.0
481 3.7
482 18.0
483 16.7
484 17.3
485 7.2
486 5.9
487 11.1
488 9.2
489 12.5
490 2.2
491 2.2
492 12.7
493 19.2
494 19.5
495 13.8
496 2.4
497 18.3
498 18.2
499 11.9
500 14.6
501 10.2
502 14.0
503 6.9
504 12.1
505 19.2
506 4.1
507 4.2
508 0.3
509 18.3
510 9.4
511 13.9
512 0.1
513 2.7
514 13.8
515 2.7
516 13.4
517 4.6
518 13.2
519 10.2
520 13.1
521 2.5
522 7.4
523 7.1
524 9.3
525 14.3
526 8.2
527 15.0
528 11.6
529 16.7
530 6.6
531 15.7
532 5.6
533 4.7
534 14.1
535 2.5
536 9.8
537 17.9
538 14.9
539 2.2
540 6.0
541 8.5
542 4.8
543 2.8
544 8.6
545 9.5
546 2.5
547 18.9
548 5.4
549 2.8
550 0.3
551 13.6
552 9.1
553 19.6
554 14.0
555 4.0
556 12.6
557 17.4
558 0.4
559 9.3
560 1.4
561 0.0
562 4.0
563 0.4
564 3.9
565 16.2
566 10.3
567 13.0
568 11.0
569 16.8
570 8.9
571 0.4
572 11.5
573 15.0
574 10.3
575 1.8
576 13.0
577 14.2
578 15.5
579 3.3
580 1.6
581 9.2
582 16.5
583 5.6
584 4.0
585 2.7
586 9.4
587 0.3
588 11.1
589 9.7
590 2.9
591 1.1
592 1.0
593 2.9
594 12.4
595 8.6
596 16.9
597 16.9
598 13.4
599 7.4
600 7.2
601 0.2
602 17.5
603 12.5
604 19.4
605 6.0
606 0.0
607 12.1
608 8.3
609 15.5
610 2.1
611 8.3
612 11.2
613 11.6
614 14.9
615 5.8
616 9.3
617 13.8
618 12.6
619 19.6
620 11.5
621 13.2
622 19.4
623 6.8
624 9.9
625 13.1
626 15.4
627 8.0
628 12.4
629 17.0
630 10.1
631 5.5
632 5.3
633 9.4
634 18.0
635 14.4
636 13.5
637 16.5
638 3.8
639 0.5
640 5.8
641 10.7
642 6.7
643 10.3
644 1.1
645 19.1
646 17.5
647 16.3
648 8.6
649 15.6
650 3.0
651 2.5
652 8.6
653 14.7
654 3.0
655 10.1
656 14.2
657 3.8
658 17.3
659 7.0
660 15.5
661 19.9
662 5.6
663 6.8
664 9.6
665 11.1
666 4.4
667 19.2
668 14.9
669 1.9
670 10.1
671 11.5
672 11.8
673 1.7
674 9.7
675 8.8
676 9.1
677 0.8
678 6.4
679 1.3
680 8.9
681 10.1
682 15.5
683 10.0
684 18.0
685 1.0
686 3.0
687 4.9
688 17.5
689 5.7
690 0.3
691 17.2
692 5.0
693 19.0
694 17.1
695 12.6
696 0.7
697 19.4
698 7.6
699 11.2
700 13.7
701 10.8
702 17.0
703 18.2
704 1.7
705 4.2
706 8.3
707 11.5
708 6.2
709 7.7
710 6.0
711 5.4
712 4.8
713 5.8
714 11.3
715 1.0
716 0.1
717 17.3
718 1.3
719 2.0
720 5.7
721 6.4
722 14.2
723 6.9
724 19.7
725 9.7
726 12.3
727 4.8
728 8.3
729 9.8
730 19.0
731 10.9
732 14.9
733 9.8
734 4.0
735 15.5
736 10.3
737 17.7
738 19.7
739 8.4
740 13.5
741 18.4
742 1.3
743 13.8
744 13.6
745 15.1
746 2.0
747 2.3
748 0.2
749 8.0
750 1.5
751 19.5
752 1.7
753 8.8
754 16.3
755 15.9
756 0.9
757 11.8
758 6.0
759 4.6
760 5.9
761 6.0
762 10.2
763 7.5
764 13.5
765 14.7
766 5.2
767 7.6
768 12.6
769 11.5
770 8.3
771 6.2
772 19.4
773 11.9
774 16.9
775 5.9
776 10.8
777 7.1
778 16.0
779 2.3
780 6.5
781 15.9
782 9.7
783 11.2
784 17.9
785 10.1
786 12.6
787 16.4
788 19.2
789 9.6
790 13.7
791 5.2
792 1.7
793 19.5
794 8.2
795 1.3
796 1.7
797 14.5
798 16.9
799 7.9
800 8.8
801 4.3
802 11.2
803 18.3
804 14.7
805 6.9
806 7.6
807 7.1
808 17.7
809 19.0
810 12.0
811 11.8
812 15.6
813 17.4
814 11.0
815 13.8
816 10.6
817 17.0
818 2.7
819 0.8
820 19.2
821 9.9
822 8.6
823 13.4
824 4.2
825 7.6
826 11.7
827 17.7
828 13.7
829 4.2
830 0.3
831 15.2
832 12.1
833 9.4
834 9.8
835 4.1
836 19.8
837 7.8
838 19.3
839 11.3
840 9.9
841 9.8
842 17.0
843 14.3
844 12.6
845 2.5
846 4.3
847 7.4
848 16.3
849 15.6
850 14.2
851 0.1
852 4.4
853 18.6
854 4.0
855 0.9
856 8.2
857 8.3
858 10.6
859 11.3
860 9.8
861 16.0
862 16.7
863 7.3
864 15.1
865 1.5
866 9.9
867 3.3
868 3.9
869 9.3
870 16.4
871 10.2
872 1.3
873 5.2
874 9.7
875 3.9
876 10.7
877 1.2
878 1.1
879 14.2
880 8.2
881 17.4
882 17.9
883 8.9
884 2.4
885 1.1
886 4.2
887 4.0
888 4.4
889 2.7
890 4.7
891 13.8
892 13.6
893 11.3
894 9.7
895 3.2
896 18.0
897 15.5
898 0.9
899 1.1
900 11.5
901 5.6
902 5.8
903 11.3
904 10.8
905 11.4
906 1.6
907 15.4
908 11.9
909 2.8
910 5.0
911 1.7
912 17.8
913 10.9
914 8.6
915 1.4
916 6.4
917 4.9
918 12.8
919 12.0
920 16.5
921 12.8
922 5.4
923 12.7
924 1.6
925 0.0
926 11.5
927 19.2
928 2.0
929 2.2
930 0.6
931 7.4
932 15.7
933 5.0
934 10.2
935 15.8
936 3.6
937 10.4
938 14.0
939 9.1
940 12.7
941 7.5
942 8.5
943 17.5
944 19.2
945 2.8
946 2.7
947 13.7
948 8.0
949 11.2
950 7.9
951 11.5
952 4.0
953 17.5
954 17.3
955 7.8
956 6.0
957 3.3
958 1.9
959 6.9
960 2.8
961 10.7
962 8.7
963 2.0
964 8.9
965 17.5
966 14.9
967 14.5
968 9.6
969 2.6
970 12.2
971 3.2
972 5.3
973 7.0
974 4.8
975 10.0
976 14.4
977 15.2
978 19.8
979 3.3
980 5.3
981 5.2
982 9.0
983 17.5
984 1.0
985 16.4
986 7.8
987 18.5
988 17.8
989 17.5
990 14.1
991 8.4
992 10.4
993 17.4
994 0.0
995 2.7
996 5.9
997 8.3
998 17.8
999 1.5
1000 2.9
1001 1.8
1002 6.8
1003 17.9
1004 3.1
1005 5.7
1006 13.3
1007 4.5
1008 16.5
1009 18.8
1010 16.2
1011 12.9
1012 11.3
1013 13.7
1014 12.6
1015 5.6
1016 7.9
1017 7.4
1018 11.0
1019 3.7
1020 18.8
1021 5.6
1022 4.4
1023 18.4
1024 4.4
1025 16.5
1026 17.3
1027 7.6
1028 3.1
1029 10.6
1030 3.3
1031 18.7
1032 17.5
1033 8.7
1034 15.9
1035 0.9
1036 12.8
1037 2.5
1038 5.8
1039 11.7
1040 13.2
1041 10.9
1042 9.2
1043 18.0
1044 15.4
1045 6.7
1046 19.0
1047 0.8
1048 19.4
1049 18.9
1050 10.5
1051 3.8
1052 1.6
1053 6.3
1054 15.6
1055 14.1
1056 18.7
1057 12.9
1058 2.6
1059 1.8
1060 6.5
1061 12.0
1062 19.9
1063 6.5
1064 18.5
1065 19.5
1066 9.5
1067 7.0
1068 0.4
1069 0.8
1070 9.9
1071 4.9
1072 19.2
1073 8.6
1074 1.7
1075 3.1
1076 13.1
1077 17.4
1078 1.4
1079 14.1
1080 3.3
1081 5.1
1082 15.5
1083 18.4
1084 9.7
1085 14.4
1086 1.0
1087 16.8
1088 18.6
1089 11.2
1090 5.1
1091 5.1
1092 4.6
1093 16.9
1094 15.1
1095 9.3
1096 16.0
1097 9.0
1098 12.0
1099 4.5
1100 9.5
1101 1.9
1102 1.9
1103 0.3
1104 3.1
1105 4.4
1106 6.7
1107 1.4
1108 8.0
1109 19.8
1110 13.1
1111 9.0
1112 6.1
1113 3.7
1114 6.4
1115 18.2
1116 15.6
1117 4.7
1118 3.3
1119 10.8
1120 17.3
1121 7.0
1122 10.8
1123 8.9
1124 6.4
1125 17.7
1126 6.2
1127 6.0
1128 17.5
1129 10.5
1130 7.8
1131 12.3
1132 11.8
1133 11.1
1134 15.0
1135 2.5
1136 17.9
1137 13.9
1138 4.7
1139 4.4
1140 10.1
1141 4.7
1142 16.1
1143 0.3
1144 12.5
1145 9.7
1146 4.4
1147 0.5
1148 9.1
1149 17.6
1150 6.1
1151 4.5
1152 12.7
1153 19.0
1154 4.0
1155 13.7
1156 12.5
1157 19.6
1158 1.5
1159 16.9
1160 6.0
1161 11.5
1162 8.4
1163 1.2
1164 10.7
1165 19.0
1166 6.5
1167 15.0
1168 12.0
1169 17.3
1170 14.5
1171 3.9
1172 8.7
1173 0.5
1174 17.0
1175 5.3
1176 1.1
1177 5.1
1178 8.2
1179 4.9
1180 8.4
1181 16.7
1182 12.3
1183 19.1
1184 6.1
1185 4.5
1186 17.3
1187 11.1
1188 18.4
1189 17.4
1190 3.8
1191 19.2
1192 13.7
1193 4.5
1194 8.0
1195 13.2
1196 18.8
1197 15.0
1198 2.3
1199 13.5
1200 18.7
1201 0.1
1202 16.5
1203 3.3
1204 1.6
1205 5.2
1206 6.8
1207 9.9
1208 14.0
1209 14.2
1210 17.6
1211 19.0
1212 16.1
1213 8.0
1214 1.5
1215 14.3
1216 14.6
1217 19.0
1218 0.5
1219 11.0
1220 9.3
1221 4.3
1222 3.2
1223 4.6
1224 11.4
1225 13.1
1226 1.3
1227 8.7
1228 15.6
1229 18.5
1230 2.9
1231 18.3
1232 5.6
1233 18.5
1234 5.5
1235 3.1
1236 6.2
1237 17.6
1238 14.7
1239 2.5
1240 6.7
1241 16.7
1242 17.6
1243 0.8
1244 4.0
1245 9.5
1246 14.7
1247 10.3
1248 1.9
1249 1.4
1250 15.0
1251 0.4
1252 17.7
1253 16.7
1254 7.2
1255 16.6
1256 17.2
1257 0.8
1258 13.4
1259 2.4
1260 0.6
1261 17.3
1262 2.2
1263 4.2
1264 12.3
1265 11.4
1266 14.7
1267 4.5
1268 5.2
1269 2.1
1270 18.6
1271 19.6
1272 12.5
1273 19.4
1274 9.6
1275 19.4
1276 6.0
1277 13.6
1278 2.2
1279 19.0
1280 5.2
1281 6.4
1282 6.6
1283 7.5
1284 17.4
1285 13.4
1286 6.7
1287 17.2
1288 5.9
1289 12.9
1290 13.6
1291 16.5
1292 12.9
1293 4.4
1294 5.4
1295 5.2
1296 3.1
1297 7.9
1298 10.9
1299 2.2
1300 3.8
1301 16.7
1302 2.9
1303 1.4
1304 3.8
1305 16.9
1306 8.2
1307 1.7
1308 17.0
1309 14.3
1310 19.3
1311 10.1
1312 8.1
1313 2.5
1314 4.6
1315 8.0
1316 5.8
1317 3.7
1318 13.2
1319 15.6
1320 16.3
1321 15.3
1322 1.6
1323 8.0
1324 3.0
1325 2.0
1326 8.2
1327 1.0
1328 0.1
1329 18.8
1330 4.0
1331 16.0
1332 2.4
1333 3.5
1334 13.7
1335 11.7
1336 19.3
1337 0.3
1338 19.5
1339 10.5
1340 13.2
1341 12.8
1342 5.0
1343 5.8
1344 14.1
1345 9.3
1346 7.8
1347 14.2
1348 16.7
1349 0.6
1350 15.1
1351 1.1
1352 17.5
1353 5.2
1354 13.6
1355 2.9
1356 9.0
1357 3.2
1358 15.7
1359 8.6
1360 18.0
1361 1.5
1362 9.8
1363 10.1
1364 0.6
1365 9.1
1366 6.5
1367 16.5
1368 11.5
1369 0.2
1370 11.9
1371 15.7
1372 13.5
1373 2.3
1374 13.2
1375 13.6
1376 19.7
1377 3.1
1378 7.8
1379 5.1
1380 12.3
1381 3.8
1382 13.7
1383 6.0
1384 9.2
1385 10.4
1386 0.5
1387 10.6
1388 9.0
1389 16.3
1390 5.9
1391 6.3
1392 0.5
1393 11.3
1394 19.7
1395 3.3
1396 6.9
1397 1.2
1398 0.2
1399 16.0
1400 18.4
1401 17.8
1402 16.2
1403 1.9
1404 14.4
1405 6.4
1406 18.0
1407 17.9
1408 4.4
1409 2.7
1410 3.4
1411 10.5
1412 19.3
1413 11.3
1414 16.5
1415 15.5
1416 4.5
1417 9.4
1418 14.7
1419 18.5
1420 11.3
1421 13.1
1422 17.7
1423 16.6
1424 10.4
1425 17.6
1426 15.0
1427 11.4
1428 14.4
1429 15.4
1430 5.5
1431 18.0
1432 15.5
1433 4.8
1434 4.0
1435 2.1
1436 3.4
1437 17.5
1438 19.7
1439 18.4
1440 4.7
1441 8.6
1442 8.6
1443 7.7
1444 6.2
1445 6.8
1446 19.2
1447 16.5
1448 3.2
1449 10.1
1450 17.4
1451 7.9
1452 19.5
1453 17.1
1454 16.3
1455 11.3
1456 13.7
1457 7.2
1458 15.4
1459 13.1
1460 1.8
1461 4.2
1462 2.0
1463 11.7
1464 13.7
1465 12.0
1466 1.3
1467 19.2
1468 1.7
1469 1.7
1470 16.4
1471 1.8
1472 6.6
1473 7.6
1474 0.5
1475 19.5
1476 3.6
1477 15.3
1478 6.9
1479 1.2
1480 2.2
1481 0.6
1482 16.1
1483 5.6
1484 2.0
1485 7.0
1486 15.6
1487 18.7
1488 12.3
1489 4.5
1490 5.9
1491 10.3
1492 11.3
1493 19.8
1494 12.6
1495 14.9
1496 19.8
1497 6.1
1498 8.5
1499 0.0
1500 0.1
1501 0.8
1502 16.4
1503 12.5
1504 3.3
1505 9.6
1506 16.5
1507 0.7
1508 14.5
1509 19.7
1510 12.8
1511 8.7
1512 19.8
1513 16.8
1514 17.0
1515 4.8
1516 2.4
1517 11.4
1518 11.2
1519 18.4
1520 3.4
1521 7.3
1522 14.2
1523 18.7
1524 11.2
1525 10.0
1526 14.4
1527 1.0
1528 4.5
1529 16.3
1530 12.3
1531 4.0
1532 11.8
1533 10.5
1534 19.3
1535 10.9
1536 5.5
1537 16.6
1538 11.2
1539 2.0
1540 15.9
1541 5.3
1542 7.0
1543 18.3
1544 15.4
1545 2.8
1546 7.6
1547 9.0
1548 5.1
1549 7.4
1550 6.7
1551 16.5
1552 10.8
1553 13.1
1554 4.7
1555 13.1
1556 10.8
1557 2.2
1558 3.0
1559 3.9
1560 8.3
1561 2.3
1562 3.7
1563 1.4
1564 4.5
1565 4.9
1566 10.4
1567 7.9
1568 15.2
1569 17.9
1570 12.4
1571 0.7
1572 11.6
1573 15.5
1574 6.7
1575 6.6
1576 19.9
1577 8.9
1578 13.8
1579 19.5
1580 1.0
1581 15.4
1582 9.8
1583 6.9
1584 1.1
1585 4.5
1586 0.2
1587 16.2
1588 14.3
1589 16.1
1590 7.7
1591 8.8
1592 4.4
1593 18.9
1594 6.9
1595 6.0
1596 11.2
1597 6.6
1598 12.4
1599 11.8
1600 6.6
1601 1.9
1602 11.5
1603 6.0
1604 13.9
1605 6.1
1606 1.7
1607 17.1
1608 18.4
1609 6.5
1610 19.3
1611 14.3
1612 3.1
1613 2.2
1614 16.9
1615 8.4
1616 15.6
1617 2.7
1618 13.0
1619 2.9
1620 12.7
1621 0.2
1622 0.1
1623 5.0
1624 18.7
1625 5.6
1626 0.9
1627 7.1
1628 16.5
1629 10.5
1630 0.2
1631 12.6
1632 1.5
1633 15.3
1634 13.8
1635 2.3
1636 10.4
1637 18.9
1638 3.0
1639 2.2
1640 2.6
1641 15.2
1642 16.6
1643 7.4
1644 8.8
1645 2.6
1646 12.3
1647 18.2
1648 19.4
1649 13.8
1650 19.7
1651 14.5
1652 15.0
1653 14.0
1654 14.9
1655 9.6
1656 13.3
1657 3.7
1658 14.7
1659 5.8
1660 9.5
1661 6.7
1662 8.5
1663 18.8
1664 15.6
1665 13.0
1666 18.9
1667 17.1
1668 0.0
1669 16.1
1670 15.0
1671 14.3
1672 5.7
1673 18.7
1674 16.3
1675 9.6
1676 5.6
1677 2.6
1678 1.2
1679 16.0
1680 1.8
1681 12.5
1682 11.7
1683 6.3
1684 15.4
1685 17.8
1686 16.5
1687 3.8
1688 16.5
1689 19.1
1690 12.8
1691 1.1
1692 3.4
1693 0.2
1694 2.5
1695 5.9
1696 15.6
1697 11.3
1698 12.8
1699 18.2
1700 14.1
1701 7.6
1702 4.4
1703 7.5
1704 12.8
1705 0.6
1706 9.3
1707 3.6
1708 2.7
1709 15.4
1710 12.8
1711 18.9
1712 8.8
1713 4.9
1714 16.8
1715 15.8
1716 3.0
1717 1.8
1718 1.3
1719 19.2
1720 10.5
1721 14.7
1722 8.4
1723 14.8
1724 5.8
1725 14.0
1726 17.1
1727 17.5
1728 2.0
1729 1.1
1730 3.9
1731 1.0
1732 16.5
1733 4.1
1734 16.4
1735 15.7
1736 13.3
1737 19.6
1738 5.6
1739 1.1
1740 3.8
1741 15.8
1742 6.0
1743 2.5
1744 12.7
1745 8.2
1746 17.6
1747 5.7
1748 19.9
1749 11.0
1750 2.6
1751 8.3
1752 6.7
1753 11.6
1754 9.9
1755 5.8
1756 17.2
1757 15.5
1758 7.0
1759 13.2
1760 1.6
1761 4.3
1762 19.0
1763 12.3
1764 19.5
1765 4.6
1766 5.9
1767 18.6
1768 12.1
1769 1.7
1770 2.4
1771 19.3
1772 13.9
1773 11.4
1774 10.8
1775 13.7
1776 3.6
1777 19.5
1778 2.7
1779 5.1
1780 11.9
1781 6.8
1782 7.2
1783 18.6
1784 3.1
1785 19.1
1786 8.1
1787 0.1
1788 19.4
1789 7.7
1790 2.3
1791 8.7
1792 1.1
1793 15.8
1794 16.9
1795 1.5
1796 12.3
1797 7.8
1798 9.2
1799 0.4
1800 16.3
1801 13.8
1802 7.3
1803 19.4
1804 12.0
1805 6.6
1806 2.7
1807 1.5
1808 1.1
1809 16.1
1810 7.5
1811 16.9
1812 14.8
1813 13.5
1814 10.6
1815 4.9
1816 9.8
1817 7.1
1818 15.4
1819 7.7
1820 16.2
1821 8.4
1822 0.1
1823 4.3
1824 2.6
1825 7.9
1826 19.5
1827 19.2
1828 6.5
1829 3.6
1830 13.2
1831 13.7
1832 8.5
1833 1.1
1834 16.7
1835 3.3
1836 18.3
1837 10.6
1838 2.1
1839 9.8
1840 15.9
1841 15.9
1842 6.9
1843 3.9
1844 11.2
1845 16.2
1846 8.4
1847 8.5
1848 6.4
1849 19.3
1850 15.4
1851 1.7
1852 9.5
1853 14.2
1854 0.1
1855 18.0
1856 6.5
1857 11.5
1858 9.8
1859 19.6
1860 9.7
1861 19.0
1862 18.9
1863 6.0
1864 14.7
1865 4.7
1866 19.7
1867 0.4
1868 3.8
1869 6.2
1870 2.3
1871 7.5
1872 19.7
1873 12.9
1874 2.1
1875 15.2
1876 13.7
1877 9.1
1878 15.5
1879 12.0
1880 6.9
1881 16.9
1882 4.4
1883 9.8
1884 19.7
1885 12.6
1886 7.4
1887 9.5
1888 2.7
1889 13.4
1890 5.6
1891 8.5
1892 14.3
1893 18.3
1894 18.2
1895 10.6
1896 5.9
1897 5.1
1898 16.9
1899 14.1
1900 1.6
1901 11.4
1902 2.0
1903 8.8
1904 4.9
1905 4.5
1906 10.3
1907 5.0
1908 13.0
1909 5.3
1910 6.6
1911 11.3
1912 1.2
1913 4.2
1914 4.6
1915 6.0
1916 18.4
1917 18.3
1918 13.6
1919 2.2
1920 2.1
1921 1.1
1922 17.1
1923 19.9
1924 15.2
1925 3.5
1926 13.7
1927 9.3
1928 7.9
1929 18.6
1930 8.5
1931 4.9
1932 12.2
1933 11.4
1934 16.8
1935 6.8
1936 19.0
1937 17.2
1938 2.3
1939 5.5
1940 3.1
1941 6.0
1942 6.1
1943 18.5
1944 17.0
1945 5.6
1946 7.4
1947 1.1
1948 2.0
1949 15.1
1950 5.5
1951 1.6
1952 17.1
1953 19.0
1954 19.7
1955 11.2
1956 18.3
1957 3.7
1958 17.8
1959 18.0
1960 5.9
1961 15.3
1962 18.3
1963 4.3
1964 0.6
1965 9.0
1966 9.6
1967 8.3
1968 2.5
1969 19.7
1970 8.8
1971 19.6
1972 2.1
1973 12.4
1974 17.7
1975 12.6
1976 5.0
1977 7.2
1978 14.9
1979 4.2
1980 7.8
1981 2.5
1982 2.9
1983 7.0
1984 8.8
1985 15.6
1986 9.9
1987 2.6
1988 17.6
1989 4.3
1990 5.3
1991 15.2
1992 11.7
1993 16.3
1994 3.3
1995 12.9
1996 7.4
1997 11.9
1998 15.9
1999 11.3
2000 11.8
2001 16.1
2002 10.4
2003 5.2
2004 7.0
2005 6.5
2006 13.7
2007 10.7
2008 0.1
2009 16.6
2010 15.6
2011 15.9
2012 0.0
2013 1.7
2014 1.9
2015 3.8
2016 15.3
2017 14.5
2018 8.1
2019 13.0
2020 7.9
2021 10.4
2022 3.9
2023 8.6
2024 14.3
2025 14.9
2026 12.0
2027 6.1
2028 16.0
2029 18.7
2030 2.6
2031 10.7
2032 10.4
2033 3.1
2034 8.9
2035 15.7
2036 3.2
2037 19.1
2038 19.4
2039 0.4
2040 2.7
2041 1.3
2042 18.5
2043 3.6
2044 0.0
2045 10.6
2046 3.1
2047 0.3
2048 4.1
2049 9.6
2050 17.9
2051 10.8
2052 5.6
2053 4.8
2054 8.4
2055 19.5
2056 10.9
2057 9.8
2058 14.4
2059 14.0
2060 19.0
2061 6.7
2062 6.0
2063 7.6
2064 2.0
2065 4.9
2066 14.5
2067 2.5
2068 10.9
2069 12.9
2070 1.5
2071 1.3
2072 8.4
2073 11.3
2074 7.3
2075 4.5
2076 4.1
2077 16.2
2078 13.2
2079 4.1
2080 1.4
2081 18.9
2082 12.5
2083 2.8
2084 1.5
2085 16.7
2086 8.6
2087 4.2
2088 15.7
2089 15.9
2090 10.1
2091 2.5
2092 16.7
2093 13.2
2094 19.4
2095 17.7
2096 13.3
2097 17.1
2098 18.6
2099 11.7
2100 0.3
2101 2.1
2102 7.6
2103 19.5
2104 5.5
2105 14.4
2106 0.8
2107 4.0
2108 2.3
2109 14.0
2110 1.5
2111 13.2
2112 10.5
2113 19.0
2114 17.9
2115 10.9
2116 15.3
2117 12.9
2118 2.0
2119 0.0
2120 10.4
2121 6.4
2122 3.5
2123 5.0
2124 3.1
2125 8.0
2126 9.5
2127 6.8
2128 12.1
2129 6.6
2130 16.9
2131 10.9
2132 0.5
2133 11.0
2134 9.4
2135 6.5
2136 4.0
2137 10.7
2138 16.2
2139 2.3
2140 19.0
2141 2.0
2142 8.3
2143 6.5
2144 12.9
2145 2.0
2146 19.3
2147 17.3
2148 17.6
2149 15.4
2150 11.9
2151 6.4
2152 12.5
2153 19.1
2154 3.0
2155 15.3
2156 15.5
2157 16.4
2158 7.1
2159 1.1
2160 3.3
2161 11.3
2162 9.9
2163 2.1
2164 11.2
2165 1.7
2166 5.7
2167 8.4
2168 18.1
2169 16.1
2170 5.8
2171 16.8
2172 9.9
2173 8.6
2174 12.5
2175 5.1
2176 8.0
2177 19.0
2178 2.6
2179 3.8
2180 9.0
2181 12.6
2182 17.3
2183 17.4
2184 18.2
2185 13.1
2186 5.8
2187 18.7
2188 0.5
2189 6.1
2190 6.3
2191 5.7
2192 0.4
2193 12.5
2194 5.8
2195 0.8
2196 13.4
2197 8.0
2198 11.1
2199 1.4
2200 0.0
2201 2.7
2202 4.6
2203 17.3
2204 16.0
2205 4.6
2206 0.0
2207 7.0
2208 13.9
2209 9.3
2210 3.6
2211 18.0
2212 16.2
2213 0.1
2214 4.2
2215 18.2
2216 17.6
2217 4.6
2218 11.4
2219 3.6
2220 9.9
2221 10.1
2222 9.8
2223 10.7
2224 10.8
2225 4.2
2226 8.3
2227 3.5
2228 18.1
2229 10.4
2230 8.6
2231 0.5
2232 11.8
2233 11.2
2234 18.5
2235 7.4
2236 2.7
2237 3.2
2238 8.0
2239 17.5
2240 4.6
2241 18.4
2242 5.7
2243 14.9
2244 5.2
2245 11.1
2246 12.0
2247 18.1
2248 9.5
2249 2.8
2250 18.8
2251 12.8
2252 6.4
2253 15.4
2254 0.4
2255 1.2
2256 19.8
2257 1.1
2258 11.4
2259 1.8
2260 13.5
2261 2.1
2262 2.6
2263 2.8
2264 5.0
2265 1.7
2266 4.6
2267 19.7
2268 17.5
2269 0.8
2270 13.8
2271 8.1
2272 11.6
2273 11.2
2274 1.4
2275 4.3
2276 12.5
2277 2.1
2278 11.8
2279 2.9
2280 4.6
2281 12.3
2282 13.0
2283 0.2
2284 15.2
2285 19.8
2286 5.0
2287 12.0
2288 11.0
2289 5.2
2290 2.6
2291 8.9
2292 10.6
2293 19.5
2294 5.4
2295 4.0
2296 7.3
2297 14.1
2298 3.4
2299 3.2
2300 16.8
2301 9.0
2302 4.9
2303 16.8
2304 17.0
2305 11.6
2306 14.4
2307 19.5
2308 15.9
2309 6.9
2310 19.7
2311 8.5
2312 8.2
2313 11.6
2314 12.9
2315 0.7
2316 11.1
2317 11.9
2318 14.4
2319 17.9
2320 7.9
2321 9.9
2322 0.1
2323 5.9
2324 12.1
2325 5.4
2326 0.6
2327 10.0
2328 1.5
2329 17.3
2330 14.6
2331 14.4
2332 11.4
2333 13.8
2334 3.3
2335 1.7
2336 16.3
2337 0.6
2338 15.3
2339 0.9
2340 6.4
2341 6.0
2342 7.5
2343 8.6
2344 14.2
2345 15.7
2346 4.6
2347 1.9
2348 19.3
2349 12.8
2350 9.6
2351 11.4
2352 3.0
2353 10.5
2354 11.4
2355 15.8
2356 14.4
2357 10.6
2358 19.9
2359 1.2
2360 1.5
2361 0.0
2362 4.0
2363 3.3
2364 17.0
2365 5.2
2366 17.5
2367 4.6
2368 18.0
2369 4.2
2370 7.0
2371 16.9
2372 13.0
2373 19.8
2374 2.8
2375 4.6
2376 7.2
2377 6.6
2378 17.1
2379 9.8
2380 13.1
2381 16.4
2382 17.7
2383 19.2
2384 18.2
2385 16.4
2386 8.0
2387 7.6
2388 9.2
2389 14.8
2390 4.4
2391 3.6
2392 7.8
2393 17.6
2394 16.1
2395 17.5
2396 7.4
2397 4.4
2398 16.7
2399 0.5
2400 12.1
2401 14.9
2402 9.9
2403 14.2
2404 13.1
2405 18.3
2406 12.3
2407 8.8
2408 1.7
2409 16.6
2410 7.7
2411 8.0
2412 16.7
2413 2.5
2414 13.2
2415 12.1
2416 13.2
2417 17.6
2418 10.4
2419 1.8
2420 15.9
2421 8.6
2422 16.2
2423 9.7
2424 17.6
2425 10.5
2426 13.7
2427 2.9
2428 12.8
2429 6.2
2430 17.9
2431 19.4
2432 5.4
2433 17.8
2434 11.6
2435 9.4
2436 3.0
2437 2.0
2438 18.0
2439 19.2
2440 3.2
2441 11.8
2442 16.8
2443 13.6
2444 1.9
2445 0.2
2446 19.1
2447 13.7
2448 8.4
2449 15.2
2450 3.1
2451 9.1
2452 6.3
2453 1.3
2454 15.6
2455 18.2
2456 19.2
2457 19.2
2458 18.8
2459 5.6
2460 10.3
2461 3.9
2462 8.2
2463 10.3
2464 12.6
2465 5.4
2466 10.0
2467 13.1
2468 0.8
2469 0.7
2470 18.7
2471 4.2
2472 4.7
2473 14.1
2474 13.6
2475 3.9
2476 11.4
2477 18.6
2478 11.8
2479 16.5
2480 7.3
2481 16.9
2482 16.7
2483 11.7
2484 3.1
2485 15.8
2486 11.8
2487 19.1
2488 18.7
2489 3.3
2490 8.6
2491 17.2
2492 17.1
2493 4.9
2494 15.7
2495 18.6
2496 6.1
2497 13.3
2498 7.3
2499 6.6
2500 12.3
2501 19.8
2502 3.0
2503 3.5
2504 4.3
2505 13.6
2506 12.0
2507 2.5
2508 2.4
2509 19.9
2510 8.3
2511 3.2
2512 18.4
2513 7.8
2514 5.3
2515 19.4
2516 5.9
2517 15.5
2518 8.5
2519 10.4
2520 2.9
2521 3.9
2522 0.2
2523 14.9
2524 17.6
2525 8.1
2526 8.2
2527 7.8
2528 19.3
2529 12.2
2530 18.2
2531 11.8
2532 18.1
2533 11.5
2534 16.6
2535 2.2
2536 4.7
2537 17.0
2538 10.2
2539 12.2
2540 8.9
2541 14.8
2542 2.8
2543 14.2
2544 10.9
2545 10.8
2546 14.1
2547 19.9
2548 3.1
2549 13.0
2550 10.0
2551 1.4
2552 6.5
2553 15.8
2554 19.8
2555 16.7
2556 14.6
2557 12.3
2558 15.7
2559 12.8
2560 12.4
2561 17.8
2562 15.8
2563 17.3
2564 3.2
2565 1.9
2566 8.9
2567 17.6
2568 12.9
2569 8.0
2570 7.7
2571 13.3
2572 6.5
2573 1.3
2574 19.7
2575 11.6
2576 10.8
2577 19.1
2578 17.1
2579 11.2
2580 17.5
2581 18.1
2582 2.3
2583 2.8
2584 5.2
2585 11.6
2586 18.1
2587 3.7
2588 0.5
2589 6.8
2590 8.0
2591 9.9
2592 16.3
2593 16.0
2594 5.5
2595 13.7
2596 9.0
2597 15.5
2598 12.2
2599 14.7
2600 12.2
2601 11.7
2602 0.0
2603 7.9
2604 15.7
2605 0.6
2606 3.3
2607 17.3
2608 4.0
2609 7.3
2610 3.5
2611 0.0
2612 11.2
2613 6.5
2614 17.1
2615 8.6
2616 1.8
2617 5.8
2618 13.8
2619 10.0
2620 4.6
2621 7.8
2622 10.6
2623 9.9
2624 4.9
2625 16.0
2626 13.9
2627 14.3
2628 11.8
2629 5.3
2630 9.4
2631 18.9
2632 4.1
2633 19.0
2634 0.5
2635 18.0
2636 0.8
2637 11.4
2638 1.3
2639 5.3
2640 2.1
2641 15.3
2642 5.7
2643 16.5
2644 13.2
2645 7.5
2646 8.4
2647 14.5
2648 15.0
2649 17.4
2650 17.0
2651 13.6
2652 14.4
2653 6.3
2654 10.8
2655 18.8
2656 9.9
2657 10.3
2658 11.9
2659 16.2
2660 4.0
2661 8.7
2662 6.4
2663 1.0
2664 8.8
2665 6.3
2666 15.0
2667 2.4
2668 9.3
2669 15.9
2670 5.9
2671 0.8
2672 19.3
2673 10.5
2674 16.8
2675 0.1
2676 15.3
2677 6.1
2678 15.7
2679 11.2
2680 0.5
2681 4.4
2682 13.8
2683 0.5
2684 19.9
2685 12.1
2686 0.4
2687 13.0
2688 19.7
2689 14.5
2690 7.9
2691 10.4
2692 2.1
2693 9.9
2694 6.0
2695 0.4
2696 2.8
2697 13.9
2698 0.0
2699 15.9
2700 13.0
2701 14.4
2702 6.6
2703 9.9
2704 15.8
2705 1.3
2706 0.6
2707 12.1
2708 6.6
2709 14.1
2710 10.6
2711 7.9
2712 9.1
2713 14.3
2714 8.4
2715 19.0
2716 7.1
2717 5.7
2718 3.8
2719 5.8
2720 15.4
2721 11.3
2722 19.1
2723 2.7
2724 16.7
2725 5.5
2726 12.7
2727 2.5
2728 7.2
2729 11.0
2730 1.5
2731 2.0
2732 15.5
2733 16.9
2734 4.3
2735 10.5
2736 8.9
2737 7.4
2738 10.1
2739 19.2
2740 6.7
2741 19.0
2742 14.3
2743 3.4
2744 7.5
2745 12.4
2746 15.7
2747 7.3
2748 12.4
2749 14.8
2750 18.9
2751 16.7
2752 4.7
2753 10.0
2754 4.3
2755 0.0
2756 15.6
2757 1.4
2758 9.3
2759 11.6
2760 13.7
2761 3.7
2762 8.7
2763 18.8
2764 9.0
2765 7.8
2766 6.8
2767 18.2
2768 5.3
2769 2.8
2770 14.7
2771 18.0
2772 16.8
2773 9.9
2774 4.2
2775 7.0
2776 17.0
2777 2.2
2778 10.5
2779 12.0
2780 7.4
2781 12.4
2782 13.3
2783 2.2
2784 10.4
2785 12.5
2786 3.9
2787 14.7
2788 7.1
2789 11.5
2790 7.2
2791 3.3
2792 9.9
2793 19.6
2794 18.0
2795 17.9
2796 14.8
2797 7.5
2798 12.9
2799 0.7
2800 0.7
2801 16.6
2802 9.0
2803 0.7
2804 8.6
2805 10.6
2806 10.0
2807 13.4
2808 13.9
2809 17.0
2810 7.6
2811 14.3
2812 6.2
2813 3.9
2814 14.6
2815 10.5
2816 4.8
2817 6.5
2818 1.5
2819 2.4
2820 13.2
2821 4.4
2822 16.7
2823 14.1
2824 1.7
2825 15.8
2826 16.2
2827 6.9
2828 12.6
2829 3.6
2830 14.1
2831 3.9
2832 5.1
2833 14.0
2834 12.7
2835 14.2
2836 8.7
2837 15.0
2838 5.1
2839 1.4
2840 13.1
2841 7.6
2842 14.6
2843 18.0
2844 14.7
2845 11.2
2846 18.5
2847 5.4
2848 18.8
2849 6.0
2850 7.8
2851 5.8
2852 1.5
2853 6.8
2854 3.5
2855 3.5
2856 6.4
2857 17.6
2858 6.9
2859 8.5
2860 13.1
2861 2.1
2862 3.6
2863 14.6
2864 6.8
2865 11.6
2866 19.8
2867 16.5
2868 18.5
2869 12.2
2870 18.6
2871 7.5
2872 3.8
2873 0.6
2874 19.0
2875 8.1
2876 4.5
2877 12.2
2878 19.8
2879 0.9
2880 4.0
2881 1.7
2882 17.0
2883 11.8
2884 18.0
2885 12.6
2886 6.6
2887 10.3
2888 18.8
2889 2.1
2890 16.0
2891 0.9
2892 7.9
2893 8.3
2894 1.0
2895 12.4
2896 6.3
2897 14.3
2898 15.5
2899 12.7
2900 15.1
2901 19.6
2902 19.8
2903 16.8
2904 16.8
2905 14.3
2906 8.6
2907 14.0
2908 0.8
2909 5.1
2910 4.4
2911 14.0
2912 6.3
2913 10.8
2914 8.5
2915 1.6
2916 3.1
2917 16.8
2918 6.3
2919 10.1
2920 4.8
2921 16.1
2922 15.3
2923 6.7
2924 1.4
2925 4.8
2926 14.1
2927 5.0
2928 18.4
2929 12.3
2930 7.4
2931 11.4
2932 8.5
2933 18.3
2934 15.4
2935 0.9
2936 0.4
2937 13.7
2938 11.6
2939 15.8
2940 19.2
2941 19.0
2942 8.7
2943 14.9
2944 4.6
2945 10.6
2946 7.7
2947 12.4
2948 18.9
2949 18.9
2950 3.9
2951 11.4
2952 16.1
2953 14.6
2954 2.6
2955 10.3
2956 12.4
2957 16.9
2958 2.2
2959 11.9
2960 14.6
2961 8.4
2962 7.1
2963 1.6
2964 19.1
2965 18.3
2966 8.2
2967 6.6
2968 14.3
2969 12.8
2970 10.2
2971 11.8
2972 1.7
2973 10.2
2974 6.8
2975 3.9
2976 11.3
2977 1.4
2978 2.0
2979 7.0
2980 19.3
2981 19.3
2982 2.9
2983 14.5
2984 5.9
2985 17.7
2986 4.9
2987 8.3
2988 11.7
2989 10.6
2990 11.5
2991 1.5
2992 0.2
2993 6.1
2994 19.0
2995 1.4
2996 6.5
2997 0.8
2998 13.9
2999 11.2
3000 8.4
3001 8.1
3002 2.2
3003 19.1
3004 11.9
3005 17.7
3006 19.8
3007 15.0
3008 11.5
3009 19.8
3010 4.7
3011 5.7
3012 11.0
3013 18.4
3014 5.4
3015 13.5
3016 10.5
3017 10.1
3018 0.0
3019 8.1
3020 3.0
3021 19.1
3022 6.3
3023 11.8
3024 9.1
3025 3.5
3026 4.2
3027 18.3
3028 19.2
3029 19.8
3030 15.2
3031 5.4
3032 7.2
3033 17.6
3034 12.9
3035 13.2
3036 7.9
3037 17.0
3038 8.9
3039 3.1
3040 19.3
3041 18.7
3042 1.0
3043 17.0
3044 4.3
3045 1.4
3046 4.5
3047 5.4
3048 3.2
3049 2.3
3050 18.8
3051 19.1
3052 16.2
3053 1.3
3054 12.7
3055 4.1
3056 4.3
3057 11.4
3058 14.5
3059 10.5
3060 14.2
3061 0.4
3062 2.2
3063 11.2
3064 13.5
3065 16.0
3066 9.9
3067 9.8
3068 1.2
3069 6.9
3070 6.6
3071 11.7
3072 13.5
3073 9.1
3074 15.3
3075 3.7
3076 1.7
3077 1.5
3078 8.6
3079 7.6
3080 7.6
3081 19.0
3082 2.5
3083 7.1
3084 10.0
3085 2.2
3086 19.0
3087 11.5
3088 12.4
3089 3.6
3090 17.3
3091 8.6
3092 4.1
3093 8.0
3094 6.4
3095 17.9
3096 7.7
3097 17.4
3098 16.8
3099 6.1
3100 2.6
3101 17.3
3102 14.9
3103 14.8
3104 10.4
3105 5.0
3106 10.4
3107 3.0
3108 9.3
3109 3.9
3110 11.0
3111 3.6
3112 4.0
3113 6.0
3114 9.9
3115 18.9
3116 5.0
3117 13.5
3118 6.4
3119 8.1
3120 1.8
3121 6.4
3122 7.6
3123 5.1
3124 9.2
3125 18.1
3126 10.6
3127 13.7
3128 6.9
3129 6.1
3130 6.8
3131 7.2
3132 9.3
3133 14.4
3134 11.6
3135 13.7
3136 15.3
3137 7.5
3138 15.5
3139 18.4
3140 18.8
3141 3.4
3142 10.4
3143 9.9
3144 10.5
3145 12.5
3146 10.2
3147 6.3
3148 1.6
3149 18.9
3150 13.8
3151 15.7
3152 6.6
3153 19.2
3154 18.4
3155 14.8
3156 14.7
3157 0.7
3158 17.7
3159 14.5
3160 13.2
3161 12.1
3162 7.5
3163 16.9
3164 13.7
3165 15.3
3166 10.9
3167 13.5
3168 1.3
3169 3.5
3170 12.5
3171 5.6
3172 18.4
3173 17.2
3174 18.5
3175 17.9
3176 1.9
3177 19.0
3178 15.0
3179 16.7
3180 12.8
3181 13.8
3182 16.0
3183 4.5
3184 3.2
3185 15.2
3186 8.6
3187 10.1
3188 1.0
3189 8.2
3190 15.3
3191 8.4
3192 2.9
3193 0.0
3194 13.7
3195 16.2
3196 8.3
3197 6.0
3198 19.6
3199 19.4
3200 1.8
3201 2.9
3202 4.4
3203 17.8
3204 14.3
3205 0.9
3206 6.8
3207 12.2
3208 6.5
3209 3.5
3210 16.7
3211 9.8
3212 0.0
3213 7.6
3214 2.0
3215 1.2
3216 12.0
3217 8.5
3218 6.6
3219 8.9
3220 2.2
3221 16.3
3222 7.6
3223 8.0
3224 5.3
3225 5.1
3226 9.0
3227 19.2
3228 2.1
3229 4.5
3230 3.6
3231 2.2
3232 10.5
3233 6.2
3234 9.9
3235 2.6
3236 5.2
3237 11.7
3238 2.1
3239 17.2
3240 4.8
3241 7.9
3242 0.4
3243 8.4
3244 4.2
3245 7.7
3246 7.7
3247 12.7
3248 3.7
3249 14.7
3250 3.2
3251 9.3
3252 7.3
3253 2.8
3254 7.3
3255 18.3
3256 0.8
3257 0.9
3258 1.7
3259 5.5
3260 4.5
3261 12.0
3262 4.9
3263 14.4
3264 11.3
3265 15.3
3266 5.3
3267 7.6
3268 9.1
3269 18.0
3270 0.1
3271 5.9
3272 2.7
3273 11.0
3274 17.9
3275 6.5
3276 2.8
3277 8.3
3278 10.8
3279 4.9
3280 4.4
3281 19.7
3282 6.8
3283 13.3
3284 16.9
3285 15.4
3286 0.1
3287 16.8
3288 10.5
3289 1.9
3290 19.6
3291 4.2
3292 9.4
3293 17.7
3294 8.8
3295 5.0
3296 7.6
3297 4.3
3298 3.9
3299 1.1
3300 11.3
3301 6.6
3302 1.9
3303 13.3
3304 1.6
3305 19.7
3306 14.2
3307 2.0
3308 12.1
3309 8.0
3310 2.3
3311 3.8
3312 0.0
3313 1.5
3314 13.0
3315 4.5
3316 10.5
3317 7.3
3318 10.6
3319 4.4
3320 9.3
3321 18.4
3322 6.9
3323 19.9
3324 6.0
3325 13.2
3326 2.0
3327 0.3
3328 13.5
3329 3.9
3330 1.4
3331 14.0
3332 10.4
3333 16.3
3334 16.0
3335 10.1
3336 15.3
3337 4.8
3338 12.3
3339 5.8
3340 8.5
3341 0.2
3342 0.9
3343 17.0
3344 6.3
3345 19.8
3346 6.1
3347 0.0
3348 9.3
3349 1.3
3350 18.3
3351 8.9
3352 13.6
3353 5.8
3354 3.3
3355 11.2
3356 2.7
3357 6.1
3358 10.6
3359 17.2
3360 6.2
3361 0.2
3362 4.4
3363 15.5
3364 6.2
3365 13.9
3366 1.9
3367 6.4
3368 11.4
3369 7.4
3370 9.2
3371 15.1
3372 17.2
3373 11.5
3374 11.1
3375 10.6
3376 14.6
3377 3.0
3378 5.9
3379 4.4
3380 6.5
3381 2.6
3382 12.5
3383 19.4
3384 1.3
3385 2.9
3386 8.5
3387 10.6
3388 10.3
3389 11.2
3390 9.3
3391 19.5
3392 15.6
3393 13.5
3394 9.4
3395 9.2
3396 3.7
3397 7.9
3398 3.2
3399 16.8
3400 7.2
3401 6.3
3402 1.4
3403 4.7
3404 18.7
3405 10.5
3406 2.0
3407 17.7
3408 12.8
3409 19.4
3410 9.5
3411 0.3
3412 11.3
3413 3.7
3414 1.5
3415 2.7
3416 4.1
3417 3.0
3418 17.9
3419 0.8
3420 7.7
3421 1.7
3422 4.1
3423 0.3
3424 14.9
3425 14.7
3426 0.8
3427 19.4
3428 1.9
3429 12.9
3430 3.6
3431 14.7
3432 2.3
3433 12.5
3434 16.5
3435 1.4
3436 2.8
3437 8.7
3438 18.9
3439 13.1
3440 13.9
3441 11.1
3442 5.2
3443 14.6
3444 15.4
3445 18.4
3446 3.4
3447 15.3
3448 6.4
3449 8.8
3450 0.8
3451 19.2
3452 14.4
3453 19.7
3454 3.5
3455 16.8
3456 15.9
3457 13.0
3458 8.6
3459 1.8
3460 11.5
3461 17.4
3462 17.8
3463 2.9
3464 1.1
3465 15.7
3466 2.9
3467 6.3
3468 6.1
3469 18.4
3470 18.9
3471 18.0
3472 9.6
3473 14.4
3474 10.3
3475 6.0
3476 4.6
3477 0.0
3478 0.1
3479 13.5
3480 7.7
3481 16.8
3482 18.4
3483 18.0
3484 9.1
3485 14.2
3486 11.8
3487 19.1
3488 4.4
3489 11.1
3490 14.7
3491 15.2
3492 17.0
3493 17.9
3494 3.9
3495 12.8
3496 9.5
3497 0.6
3498 2.6
3499 15.9
3500 11.3
3501 4.2
3502 12.8
3503 11.3
3504 14.6
3505 15.4
3506 17.2
3507 9.5
3508 6.7
3509 11.4
3510 1.6
3511 8.9
3512 2.1
3513 17.8
3514 4.6
3515 16.9
3516 14.8
3517 8.9
3518 10.3
3519 12.3
3520 8.9
3521 10.2
3522 10.9
3523 8.0
3524 19.4
3525 4.2
3526 11.0
3527 12.2
3528 8.8
3529 11.3
3530 9.6
3531 9.8
3532 14.8
3533 12.0
3534 17.9
3535 12.5
3536 16.6
3537 2.4
3538 7.2
3539 1.3
3540 14.8
3541 3.2
3542 0.4
3543 11.5
3544 10.8
3545 0.1
3546 12.8
3547 7.5
3548 0.6
3549 5.0
3550 12.9
3551 10.4
3552 4.9
3553 5.2
3554 18.3
3555 18.2
3556 12.9
3557 9.6
3558 9.2
3559 14.2
3560 4.9
3561 13.3
3562 19.4
3563 4.4
3564 7.4
3565 19.0
3566 12.9
3567 8.4
3568 5.6
3569 0.7
3570 12.5
3571 10.7
3572 6.9
3573 2.3
3574 14.4
3575 7.4
3576 14.9
3577 1.7
3578 12.1
3579 19.7
3580 19.8
3581 15.0
3582 1.6
3583 13.8
3584 16.1
3585 17.3
3586 13.2
3587 6.1
3588 6.5
3589 5.0
3590 9.9
3591 15.2
3592 10.3
3593 7.6
3594 18.2
3595 0.8
3596 6.4
3597 15.1
3598 0.7
3599 13.9
3600 7.6
3601 12.2
3602 12.0
3603 2.1
3604 6.7
3605 1.2
3606 7.3
3607 6.5
3608 3.7
3609 16.0
3610 3.6
3611 10.1
3612 4.6
3613 3.1
3614 18.5
3615 16.6
3616 14.9
3617 7.6
3618 3.3
3619 4.2
3620 9.6
3621 1.0
3622 17.0
3623 6.1
3624 4.6
3625 16.2
3626 4.6
3627 0.3
3628 12.0
3629 2.5
3630 14.4
3631 5.3
3632 11.7
3633 6.2
3634 15.6
3635 5.4
3636 8.8
3637 12.1
3638 0.2
3639 17.3
3640 18.4
3641 10.3
3642 9.5
3643 10.9
3644 17.2
3645 19.4
3646 12.7
3647 13.5
3648 13.7
3649 8.6
3650 0.3
3651 0.1
3652 13.7
3653 14.2
3654 9.0
3655 8.8
3656 4.1
3657 8.4
3658 16.8
3659 13.7
3660 11.2
3661 1.5
3662 9.6
3663 3.0
3664 2.3
3665 3.9
3666 15.1
3667 5.2
3668 11.4
3669 19.6
3670 15.9
3671 12.8
3672 3.3
3673 4.4
3674 10.8
3675 4.2
3676 8.3
3677 10.8
3678 17.5
3679 16.9
3680 2.4
3681 0.6
3682 4.4
3683 15.8
3684 11.2
3685 6.4
3686 17.8
3687 14.9
3688 10.1
3689 18.1
3690 19.0
3691 17.4
3692 17.9
3693 2.1
3694 4.4
3695 1.8
3696 16.8
3697 6.4
3698 10.0
3699 2.5
3700 14.7
3701 15.1
3702 2.1
3703 4.8
3704 6.1
3705 6.7
3706 14.4
3707 13.5
3708 9.4
3709 3.1
3710 13.2
3711 18.5
3712 5.4
3713 8.0
3714 8.1
3715 15.7
3716 2.6
3717 15.0
3718 17.9
3719 7.3
3720 15.8
3721 17.0
3722 17.3
3723 10.2
3724 18.1
3725 3.9
3726 18.3
3727 0.6
3728 9.0
3729 14.1
3730 0.6
3731 9.0
3732 4.1
3733 1.6
3734 18.3
3735 1.6
3736 8.0
3737 14.3
3738 19.9
3739 16.2
3740 16.4
3741 11.3
3742 9.8
3743 14.6
3744 0.9
3745 17.8
3746 8.6
3747 7.3
3748 3.3
3749 17.8
3750 7.5
3751 19.1
3752 2.4
3753 15.9
3754 12.9
3755 9.2
3756 10.6
3757 8.9
3758 11.8
3759 9.3
3760 16.1
3761 17.1
3762 5.1
3763 9.0
3764 19.9
3765 9.0
3766 13.8
3767 5.3
3768 18.9
3769 16.5
3770 7.8
3771 10.1
3772 8.6
3773 18.0
3774 1.4
3775 3.2
3776 8.3
3777 4.6
3778 10.3
3779 12.7
3780 10.7
3781 1.0
3782 4.5
3783 1.1
3784 11.8
3785 7.1
3786 7.8
3787 18.9
3788 7.8
3789 11.1
3790 8.4
3791 5.1
3792 7.5
3793 14.2
3794 8.5
3795 7.1
3796 8.2
3797 11.2
3798 5.7
3799 8.1
3800 3.3
3801 2.4
3802 3.9
3803 3.7
3804 15.3
3805 7.8
3806 4.3
3807 8.7
3808 3.2
3809 13.6
3810 11.2
3811 4.3
3812 0.3
3813 13.7
3814 3.8
3815 6.5
3816 11.6
3817 1.4
3818 3.2
3819 13.3
3820 7.0
3821 4.5
3822 12.5
3823 2.9
3824 7.4
3825 9.7
3826 1.7
3827 17.9
3828 7.6
3829 8.8
3830 9.6
3831 19.4
3832 19.1
3833 11.7
3834 1.4
3835 7.8
3836 18.6
3837 2.5
3838 7.0
3839 13.2
3840 12.6
3841 2.9
3842 4.5
3843 7.2
3844 2.0
3845 5.0
3846 16.9
3847 4.6
3848 5.6
3849 9.7
3850 14.7
3851 11.2
3852 0.4
3853 19.1
3854 19.0
3855 7.0
3856 9.8
3857 8.8
3858 2.8
3859 10.7
3860 1.1
3861 10.9
3862 8.4
3863 12.4
3864 4.5
3865 8.8
3866 12.9
3867 13.1
3868 17.1
3869 13.9
3870 14.6
3871 15.4
3872 4.7
3873 5.6
3874 19.3
3875 0.4
3876 10.9
3877 7.5
3878 10.7
3879 14.9
3880 4.4
3881 14.8
3882 16.3
3883 4.1
3884 3.8
3885 18.5
3886 5.9
3887 8.2
3888 4.1
3889 9.6
3890 4.8
3891 12.3
3892 19.3
3893 5.8
3894 2.4
3895 0.1
3896 0.4
3897 11.5
3898 4.3
3899 1.0
3900 13.0
3901 7.0
3902 9.1
3903 10.9
3904 19.9
3905 10.2
3906 15.4
3907 17.7
3908 1.5
3909 3.9
3910 3.1
3911 7.4
3912 14.1
3913 12.2
3914 6.8
3915 13.3
3916 15.9
3917 15.9
3918 11.0
3919 8.5
3920 7.3
3921 0.5
3922 16.2
3923 3.8
3924 0.4
3925 18.9
3926 1.7
3927 17.5
3928 4.3
3929 17.3
3930 19.1
3931 10.9
3932 17.0
3933 15.2
3934 15.0
3935 17.0
3936 3.6
3937 11.4
3938 8.2
3939 9.2
3940 8.7
3941 3.4
3942 10.5
3943 12.1
3944 4.6
3945 12.8
3946 7.3
3947 9.7
3948 13.1
3949 2.9
3950 2.9
3951 5.2
3952 19.8
3953 17.0
3954 14.2
3955 16.2
3956 19.1
3957 9.7
3958 17.0
3959 17.7
3960 5.2
3961 14.4
3962 1.9
3963 13.7
3964 19.9
3965 1.2
3966 10.2
3967 1.2
3968 1.6
3969 14.5
3970 18.3
3971 8.9
3972 1.8
3973 8.7
3974 15.0
3975 15.1
3976 6.0
3977 2.5
3978 19.2
3979 15.0
3980 19.0
3981 0.8
3982 12.4
3983 16.2
3984 1.4
3985 1.2
3986 15.9
3987 19.3
3988 3.0
3989 7.4
3990 6.3
3991 3.5
3992 13.2
3993 14.4
3994 13.7
3995 3.4
3996 10.2
3997 15.7
3998 8.0
3999 15.1
4000 3.9
4001 13.5
4002 9.1
4003 19.5
4004 9.1
4005 6.8
4006 8.1
4007 13.5
4008 3.5
4009 5.0
4010 5.9
4011 10.7
4012 4.5
4013 8.2
4014 10.2
4015 1.9
4016 14.7
4017 3.8
4018 14.7
4019 5.6
4020 19.8
4021 18.0
4022 0.5
4023 7.4
4024 15.8
4025 6.6
4026 19.1
4027 9.1
4028 17.7
4029 6.5
4030 3.1
4031 8.7
4032 3.1
4033 19.9
4034 10.7
4035 5.6
4036 0.5
4037 8.4
4038 11.0
4039 17.3
4040 15.8
4041 15.8
4042 1.5
4043 9.0
4044 8.2
4045 4.8
4046 7.1
4047 17.9
4048 14.5
4049 4.5
4050 10.9
4051 11.5
4052 3.3
4053 2.6
4054 18.3
4055 9.7
4056 15.2
4057 12.2
4058 8.7
4059 0.9
4060 5.4
4061 8.3
4062 8.8
4063 12.9
4064 7.3
4065 18.9
4066 12.3
4067 3.4
4068 12.7
4069 3.5
4070 5.0
4071 15.0
4072 18.6
4073 0.2
4074 8.0
4075 7.3
4076 1.9
4077 8.6
4078 5.2
4079 17.5
4080 1.4
4081 1.2
4082 0.8
4083 12.5
4084 4.5
4085 16.2
4086 13.0
4087 18.0
4088 0.3
4089 5.9
4090 3.8
4091 10.4
4092 0.8
4093 1.5
4094 11.0
4095 12.8
4096 0.4
4097 7.0
4098 18.3
4099 9.3
4100 0.2
4101 1.3
4102 18.5
4103 6.1
4104 5.0
4105 11.3
4106 13.0
4107 1.7
4108 6.7
4109 14.5
4110 16.8
4111 12.2
4112 3.5
4113 4.8
4114 4.2
4115 18.7
4116 3.6
4117 16.7
4118 6.5
4119 3.2
4120 9.4
4121 8.2
4122 17.6
4123 14.8
4124 0.3
4125 4.1
4126 9.3
4127 15.2
4128 17.0
4129 11.0
4130 6.7
4131 15.1
4132 14.7
4133 3.0
4134 10.1
4135 7.8
4136 10.8
4137 13.6
4138 8.9
4139 8.1
4140 8.6
4141 1.9
4142 7.9
4143 6.5
4144 19.1
4145 19.7
4146 8.5
4147 2.5
4148 6.8
4149 10.9
4150 15.3
4151 16.8
4152 11.5
4153 17.8
4154 11.3
4155 7.3
4156 4.3
4157 7.6
4158 12.2
4159 1.3
4160 7.2
4161 4.8
4162 17.9
4163 19.5
4164 6.3
4165 6.6
4166 17.3
4167 2.1
4168 2.6
4169 10.7
4170 8.9
4171 6.0
4172 0.0
4173 19.3
4174 16.6
4175 19.0
4176 2.0
4177 11.0
4178 8.6
4179 14.7
4180 16.8
4181 0.0
4182 9.2
4183 10.4
4184 19.1
4185 2.3
4186 3.7
4187 4.2
4188 13.2
4189 8.6
4190 0.0
4191 8.4
4192 4.2
4193 1.7
4194 1.8
4195 15.6
4196 16.0
4197 18.9
4198 1.8
4199 19.1
4200 16.0
4201 12.5
4202 7.8
4203 10.1
4204 16.5
4205 2.4
4206 4.1
4207 10.3
4208 7.9
4209 14.3
4210 7.3
4211 11.7
4212 14.9
4213 6.8
4214 7.3
4215 10.8
4216 14.1
4217 12.7
4218 4.8
4219 4.4
4220 12.2
4221 5.8
4222 4.3
4223 17.6
4224 13.9
4225 4.4
4226 11.8
4227 2.3
4228 6.8
4229 9.1
4230 15.4
4231 19.9
4232 0.4
4233 3.4
4234 7.6
4235 18.5
4236 9.0
4237 12.2
4238 16.2
4239 0.7
4240 18.0
4241 9.3
4242 11.5
4243 3.4
4244 8.5
4245 18.9
4246 5.7
4247 3.3
4248 10.6
4249 14.7
4250 3.7
4251 9.9
4252 9.8
4253 10.0
4254 12.8
4255 8.5
4256 19.2
4257 1.4
4258 19.4
4259 15.2
4260 15.0
4261 10.4
4262 16.9
4263 9.7
4264 4.7
4265 4.7
4266 18.2
4267 2.0
4268 19.3
4269 1.3
4270 8.7
4271 14.7
4272 19.0
4273 1.1
4274 9.3
4275 17.5
4276 16.6
4277 1.6
4278 8.3
4279 4.2
4280 1.8
4281 13.0
4282 13.8
4283 9.9
4284 14.3
4285 0.0
4286 4.2
4287 12.8
4288 1.2
4289 13.8
4290 8.1
4291 9.0
4292 11.4
4293 12.0
4294 0.1
4295 1.8
4296 9.6
4297 12.0
4298 4.2
4299 10.6
4300 9.6
4301 15.5
4302 11.6
4303 15.8
4304 11.4
4305 14.3
4306 12.6
4307 6.4
4308 17.0
4309 2.3
4310 19.2
4311 12.3
4312 10.4
4313 8.5
4314 18.5
4315 9.6
4316 17.3
4317 8.2
4318 14.2
4319 18.0
4320 14.1
4321 2.9
4322 12.0
4323 19.5
4324 1.3
4325 5.5
4326 4.1
4327 16.5
4328 5.7
4329 12.0
4330 5.0
4331 19.0
4332 18.6
4333 9.8
4334 17.2
4335 7.6
4336 17.1
4337 10.6
4338 0.1
4339 7.3
4340 3.9
4341 6.3
4342 17.4
4343 16.0
4344 12.1
4345 4.3
4346 0.8
4347 12.5
4348 1.6
4349 1.4
4350 15.9
4351 14.9
4352 12.4
4353 3.4
4354 2.7
4355 14.1
4356 4.1
4357 15.4
4358 11.4
4359 0.6
4360 8.7
4361 5.1
4362 11.6
4363 8.5
4364 14.7
4365 12.4
4366 3.5
4367 6.5
4368 6.2
4369 3.4
4370 1.8
4371 2.2
4372 3.2
4373 6.8
4374 5.6
4375 6.2
4376 0.9
4377 6.2
4378 9.7
4379 8.7
4380 14.0
4381 8.8
4382 16.2
4383 6.4
4384 2.4
4385 14.2
4386 18.3
4387 14.9
4388 4.4
4389 9.9
4390 1.0
4391 7.3
4392 3.8
4393 7.0
4394 12.2
4395 9.9
4396 14.4
4397 10.3
4398 11.0
4399 9.0
4400 3.9
4401 17.1
4402 3.6
4403 11.4
4404 4.9
4405 2.6
4406 12.3
4407 16.8
4408 16.3
4409 14.6
4410 17.7
4411 11.4
4412 0.5
4413 10.1
4414 17.8
4415 13.5
4416 5.1
4417 7.7
4418 17.4
4419 14.2
4420 14.4
4421 10.3
4422 14.9
4423 1.1
4424 18.5
4425 15.7
4426 4.9
4427 15.6
4428 5.1
4429 12.6
4430 8.0
4431 1.0
4432 10.6
4433 1.6
4434 8.5
4435 0.2
4436 7.1
4437 19.8
4438 15.4
4439 17.1
4440 19.6
4441 9.2
4442 11.6
4443 3.4
4444 16.8
4445 11.1
4446 16.3
4447 4.8
4448 4.2
4449 1.0
4450 8.5
4451 17.4
4452 5.1
4453 6.6
4454 15.8
4455 17.5
4456 15.7
4457 2.7
4458 2.9
4459 14.7
4460 4.2
4461 2.0
4462 16.6
4463 12.5
4464 17.0
4465 3.8
4466 16.7
4467 5.0
4468 9.2
4469 10.6
4470 1.0
4471 18.5
4472 5.6
4473 11.9
4474 15.8
4475 11.4
4476 7.1
4477 10.7
4478 17.8
4479 11.1
4480 0.0
4481 4.9
4482 3.1
4483 19.1
4484 12.8
4485 15.3
4486 17.7
4487 15.3
4488 17.3
4489 5.3
4490 16.2
4491 11.0
4492 3.1
4493 4.7
4494 16.3
4495 8.7
4496 9.2
4497 17.6
4498 18.4
4499 17.4
4500 7.0
4501 7.5
4502 9.4
4503 16.8
4504 3.4
4505 12.8
4506 16.3
4507 18.3
4508 7.2
4509 9.3
4510 6.6
4511 19.0
4512 17.8
4513 9.5
4514 2.6
4515 15.0
4516 8.4
4517 19.0
4518 0.3
4519 11.0
4520 15.0
4521 17.4
4522 14.0
4523 3.9
4524 0.8
4525 10.6
4526 18.7
4527 11.7
4528 5.9
4529 15.5
4530 16.2
4531 18.5
4532 4.0
4533 13.4
4534 18.6
4535 6.7
4536 3.9
4537 12.3
4538 12.7
4539 0.5
4540 2.2
4541 12.1
4542 4.0
4543 10.7
4544 10.0
4545 10.4
4546 6.5
4547 19.1
4548 9.7
4549 8.6
4550 15.1
4551 16.1
4552 12.4
4553 5.9
4554 11.1
4555 3.5
4556 18.4
4557 4.0
4558 8.3
4559 18.6
4560 2.8
4561 1.0
4562 9.0
4563 10.4
4564 17.4
4565 6.1
4566 11.5
4567 6.3
4568 9.9
4569 13.1
4570 8.6
4571 8.0
4572 6.1
4573 12.4
4574 1.5
4575 16.9
4576 8.2
4577 18.3
4578 12.7
4579 19.7
4580 19.7
4581 2.2
4582 19.3
4583 3.8
4584 11.5
4585 11.9
4586 14.2
4587 7.7
4588 9.1
4589 15.1
4590 11.0
4591 19.4
4592 18.7
4593 15.4
4594 0.4
4595 11.9
4596 11.6
4597 2.1
4598 17.2
4599 10.2
4600 12.9
4601 4.5
4602 11.5
4603 6.8
4604 8.9
4605 11.2
4606 5.9
4607 5.3
4608 2.3
4609 3.2
4610 5.8
4611 17.4
4612 2.6
4613 16.0
4614 12.6
4615 5.7
4616 8.6
4617 16.7
4618 19.9
4619 3.5
4620 7.8
4621 14.6
4622 14.5
4623 13.0
4624 13.1
4625 6.2
4626 14.0
4627 13.8
4628 10.2
4629 6.7
4630 9.0
4631 18.3
4632 14.2
4633 7.6
4634 2.0
4635 6.8
4636 13.5
4637 9.0
4638 8.1
4639 8.2
4640 19.9
4641 18.4
4642 9.2
4643 16.4
4644 1.4
4645 17.8
4646 17.7
4647 14.3
4648 2.6
4649 2.3
4650 6.1
4651 9.5
4652 1.1
4653 16.5
4654 18.3
4655 11.7
4656 11.3
4657 0.3
4658 9.4
4659 17.2
4660 17.7
4661 8.9
4662 4.0
4663 0.3
4664 15.8
4665 15.6
4666 5.1
4667 14.1
4668 10.6
4669 8.7
4670 3.6
4671 1.2
4672 0.0
4673 17.9
4674 4.3
4675 6.0
4676 3.6
4677 6.2
4678 10.3
4679 5.9
4680 2.6
4681 17.7
4682 9.1
4683 4.6
4684 8.0
4685 7.6
4686 7.6
4687 8.7
4688 14.5
4689 7.6
4690 17.4
4691 15.5
4692 1.5
4693 14.1
4694 17.0
4695 13.5
4696 2.0
4697 17.0
4698 12.6
4699 1.9
4700 4.5
4701 8.9
4702 17.7
4703 9.5
4704 14.0
4705 7.6
4706 16.1
4707 8.2
4708 12.8
4709 4.2
4710 16.3
4711 3.3
4712 0.3
4713 18.8
4714 11.0
4715 6.8
4716 10.4
4717 10.7
4718 18.1
4719 14.8
4720 10.3
4721 11.0
4722 13.5
4723 5.7
4724 16.6
4725 14.5
4726 19.7
4727 1.6
4728 14.9
4729 17.8
4730 7.1
4731 16.2
4732 10.2
4733 6.1
4734 6.7
4735 15.9
4736 0.8
4737 12.8
4738 14.7
4739 9.7
4740 18.3
4741 1.6
4742 18.6
4743 9.4
4744 3.3
4745 14.6
4746 2.6
4747 2.1
4748 3.9
4749 0.6
4750 2.1
4751 12.9
4752 0.6
4753 15.7
4754 9.5
4755 7.5
4756 19.3
4757 4.3
4758 6.8
4759 8.1
4760 10.1
4761 7.1
4762 17.1
4763 6.9
4764 2.4
4765 10.4
4766 13.4
4767 7.3
4768 13.5
4769 7.4
4770 7.7
4771 3.0
4772 6.7
4773 3.0
4774 15.8
4775 1.2
4776 5.5
4777 1.5
4778 14.8
4779 10.8
4780 4.1
4781 10.5
4782 11.3
4783 11.3
4784 0.2
4785 9.2
4786 7.2
4787 2.8
4788 12.4
4789 7.0
4790 18.0
4791 10.3
4792 13.5
4793 11.8
4794 19.0
4795 5.7
4796 5.6
4797 19.6
4798 19.9
4799 5.6
4800 1.4
4801 19.9
4802 18.7
4803 4.5
4804 5.8
4805 15.1
4806 3.0
4807 8.1
4808 3.4
4809 9.6
4810 7.0
4811 17.4
4812 8.2
4813 4.8
4814 2.0
4815 0.8
4816 4.1
4817 13.5
4818 18.4
4819 2.6
4820 2.7
4821 15.7
4822 16.8
4823 0.5
4824 11.2
4825 18.6
4826 18.8
4827 17.0
4828 16.8
4829 9.5
4830 3.3
4831 15.3
4832 12.1
4833 15.4
4834 8.9
4835 10.6
4836 3.9
4837 2.2
4838 1.1
4839 16.9
4840 7.8
4841 1.7
4842 14.1
4843 17.5
4844 11.1
4845 15.9
4846 1.0
4847 19.5
4848 4.5
4849 9.9
4850 18.5
4851 7.9
4852 1.0
4853 18.2
4854 12.4
4855 2.3
4856 5.9
4857 11.2
4858 3.3
4859 4.4
4860 17.3
4861 9.1
4862 4.9
4863 7.8
4864 14.7
4865 5.6
4866 9.8
4867 15.3
4868 10.1
4869 8.9
4870 9.2
4871 1.4
4872 18.2
4873 18.9
4874 10.0
4875 19.5
4876 17.8
4877 1.8
4878 19.2
4879 10.9
4880 11.4
4881 6.8
4882 8.8
4883 14.4
4884 12.6
4885 4.4
4886 3.7
4887 0.9
4888 2.2
4889 15.6
4890 13.7
4891 5.1
4892 4.4
4893 19.8
4894 11.4
4895 18.9
4896 12.9
4897 10.0
4898 8.4
4899 11.7
4900 1.9
4901 4.3
4902 12.2
4903 11.8
4904 1.5
4905 0.1
4906 4.9
4907 18.1
4908 10.5
4909 13.3
4910 10.5
4911 12.2
4912 14.2
4913 16.5
4914 16.1
4915 1.7
4916 18.6
4917 1.0
4918 3.8
4919 12.7
4920 12.2
4921 18.5
4922 4.0
4923 0.2
4924 16.0
4925 13.9
4926 19.3
4927 7.4
4928 5.5
4929 13.1
4930 0.2
4931 5.2
4932 18.6
4933 19.1
4934 9.9
4935 16.5
4936 14.1
4937 6.4
4938 13.5
4939 6.6
4940 0.7
4941 17.2
4942 9.0
4943 8.6
4944 19.5
4945 8.3
4946 6.4
4947 0.6
4948 3.4
4949 2.2
4950 16.4
4951 7.8
4952 16.6
4953 13.9
4954 18.5
4955 3.8
4956 19.7
4957 4.5
4958 8.0
4959 6.3
4960 19.2
4961 14.5
4962 11.1
4963 13.6
4964 10.3
4965 17.9
4966 6.6
4967 10.9
4968 17.9
4969 0.7
4970 12.1
4971 2.2
4972 7.2
4973 18.7
4974 0.6
4975 8.6
4976 2.1
4977 16.1
4978 6.5
4979 8.2
4980 7.4
4981 5.9
4982 8.2
4983 12.9
4984 4.4
4985 15.9
4986 17.0
4987 5.9
4988 16.7
4989 14.6
4990 15.0
4991 7.4
4992 15.3
4993 4.9
4994 0.8
4995 16.5
4996 4.7
4997 6.6
4998 11.6
4999 5.2
5000 4.6
5001 2.5
5002 18.9
5003 4.5
5004 19.2
5005 10.2
5006 14.6
5007 14.9
5008 17.8
5009 13.2
5010 13.6
5011 9.8
5012 11.0
5013 5.3
5014 4.4
5015 13.3
5016 14.5
5017 1.6
5018 19.7
5019 5.3
5020 2.6
5021 8.5
5022 8.4
5023 5.4
5024 5.4
5025 19.9
5026 9.0
5027 5.7
5028 4.5
5029 18.4
5030 17.2
5031 4.5
5032 14.6
5033 11.5
5034 4.5
5035 17.1
5036 18.8
5037 13.8
5038 3.2
5039 1.5
5040 19.6
5041 0.7
5042 18.5
5043 15.4
5044 10.6
5045 16.8
5046 2.3
5047 12.4
5048 4.8
5049 15.5
5050 16.7
5051 2.3
5052 5.1
5053 2.5
5054 14.4
5055 7.1
5056 1.8
5057 13.6
5058 1.5
5059 3.0
5060 9.2
5061 9.7
5062 15.1
5063 16.4
5064 7.4
5065 1.6
5066 12.6
5067 1.9
5068 10.2
5069 15.3
5070 15.9
5071 7.2
5072 7.1
5073 7.9
5074 6.3
5075 19.0
5076 12.2
5077 3.9
5078 19.8
5079 12.4
5080 8.7
5081 14.8
5082 14.1
5083 19.9
5084 12.5
5085 2.0
5086 0.6
5087 1.0
5088 5.8
5089 6.4
5090 6.0
5091 2.5
5092 12.2
5093 16.1
5094 12.0
5095 7.0
5096 14.7
5097 0.5
5098 6.9
5099 17.8
5100 2.8
5101 17.6
5102 12.8
5103 19.7
5104 11.2
5105 1.5
5106 2.4
5107 18.5
5108 15.5
5109 6.4
5110 9.4
5111 7.3
5112 9.5
5113 7.0
5114 0.9
5115 19.9
5116 13.9
5117 12.9
5118 12.9
5119 0.2
5120 4.1
5121 1.8
5122 17.3
5123 7.8
5124 1.1
5125 6.7
5126 3.5
5127 19.8
5128 12.1
5129 2.9
5130 15.6
5131 15.6
5132 5.7
5133 19.5
5134 17.0
5135 0.1
5136 10.7
5137 7.6
5138 12.6
5139 1.6
5140 9.6
5141 19.8
5142 6.6
5143 1.3
5144 6.3
5145 1.4
5146 19.2
5147 13.2
5148 7.5
5149 6.8
5150 6.1
5151 10.7
5152 13.3
5153 3.4
5154 7.0
5155 8.1
5156 4.1
5157 14.9
5158 0.5
5159 6.4
5160 3.9
5161 4.5
5162 13.6
5163 8.5
5164 11.3
5165 9.5
5166 11.8
5167 4.1
5168 6.0
5169 1.7
5170 2.2
5171 14.4
5172 17.3
5173 12.5
5174 7.1
5175 5.4
5176 8.9
5177 19.1
5178 3.8
5179 4.9
5180 16.8
5181 11.3
5182 11.1
5183 5.0
5184 1.6
5185 19.8
5186 12.3
5187 12.5
5188 0.2
5189 16.2
5190 16.1
5191 6.4
5192 9.0
5193 15.2
5194 3.7
5195 12.9
5196 15.2
5197 10.2
5198 16.2
5199 9.5
5200 9.4
5201 1.9
5202 2.1
5203 17.8
5204 19.0
5205 6.5
5206 6.3
5207 13.5
5208 17.8
5209 17.4
5210 3.1
5211 8.4
5212 2.3
5213 6.8
5214 1.0
5215 19.4
5216 15.0
5217 19.1
5218 4.7
5219 15.1
5220 19.2
5221 13.4
5222 19.6
5223 14.7
5224 7.0
5225 2.7
5226 2.2
5227 0.3
5228 10.6
5229 7.8
5230 4.9
5231 12.9
5232 19.0
5233 3.8
5234 13.3
5235 1.3
5236 18.3
5237 1.4
5238 5.7
5239 12.4
5240 4.5
5241 1.4
5242 3.0
5243 18.3
5244 6.6
5245 15.2
5246 19.4
5247 6.3
5248 10.8
5249 3.5
5250 8.0
5251 13.9
5252 11.3
5253 13.4
5254 19.3
5255 5.2
5256 6.2
5257 5.8
5258 11.3
5259 0.0
5260 14.0
5261 0.9
5262 17.6
5263 9.8
5264 10.4
5265 0.5
5266 16.3
5267 0.3
5268 17.3
5269 5.6
5270 0.6
5271 16.2
5272 6.3
5273 10.7
5274 11.3
5275 9.5
5276 13.5
5277 15.5
5278 18.0
5279 11.7
5280 3.8
5281 17.4
5282 16.0
5283 2.1
5284 16.8
5285 6.0
5286 8.4
5287 10.3
5288 7.1
5289 12.0
5290 9.7
5291 10.8
5292 8.9
5293 6.0
5294 17.0
5295 3.9
5296 14.3
5297 4.4
5298 10.7
5299 1.8
5300 4.2
5301 2.8
5302 2.9
5303 9.2
5304 1.2
5305 17.9
5306 1.9
5307 19.2
5308 1.6
5309 13.6
5310 19.6
5311 16.9
5312 1.6
5313 14.7
5314 9.3
5315 10.5
5316 19.3
5317 6.1
5318 6.6
5319 15.3
5320 9.3
5321 6.5
5322 9.7
5323 6.6
5324 13.2
5325 6.8
5326 2.0
5327 17.1
5328 14.4
5329 11.2
5330 6.5
5331 6.0
5332 6.0
5333 10.0
5334 7.9
5335 8.6
5336 3.1
5337 13.6
5338 13.5
5339 12.5
5340 15.5
5341 1.1
5342 11.7
5343 10.2
5344 1.3
5345 15.1
5346 6.5
5347 0.2
5348 15.2
5349 5.3
5350 16.6
5351 6.9
5352 10.7
5353 9.0
5354 3.9
5355 13.6
5356 8.3
5357 14.7
5358 13.7
5359 17.8
5360 15.8
5361 18.9
5362 4.9
5363 18.9
5364 7.0
5365 19.7
5366 10.6
5367 15.7
5368 1.3
5369 11.0
5370 6.6
5371 15.5
5372 17.9
5373 14.5
5374 10.7
5375 17.6
5376 1.8
5377 11.0
5378 10.5
5379 14.9
5380 1.0
5381 19.2
5382 2.9
5383 15.1
5384 11.8
5385 11.9
5386 11.7
5387 12.0
5388 5.7
5389 7.9
5390 11.7
5391 2.4
5392 17.4
5393 3.0
5394 11.0
5395 1.1
5396 18.0
5397 15.5
5398 18.5
5399 1.1
5400 10.6
5401 18.6
5402 14.5
5403 19.8
5404 14.0
5405 5.2
5406 11.4
5407 19.5
5408 11.4
5409 6.7
5410 19.4
5411 3.0
5412 16.2
5413 17.0
5414 16.2
5415 6.7
5416 3.3
5417 2.7
5418 1.6
5419 10.3
5420 18.7
5421 3.5
5422 18.9
5423 9.0
5424 0.4
5425 15.2
5426 17.4
5427 17.6
5428 17.8
5429 15.4
5430 1.7
5431 10.3
5432 15.4
5433 2.3
5434 12.6
5435 17.0
5436 6.7
5437 7.3
5438 17.5
5439 6.0
5440 5.8
5441 18.6
5442 4.6
5443 15.3
5444 11.5
5445 4.0
5446 17.7
5447 12.6
5448 7.3
5449 6.7
5450 18.0
5451 7.3
5452 17.9
5453 16.2
5454 10.0
5455 7.5
5456 2.0
5457 11.0
5458 5.9
5459 9.7
5460 13.2
5461 19.1
5462 5.3
5463 5.8
5464 4.8
5465 14.6
5466 17.4
5467 4.3
5468 3.4
5469 5.2
5470 10.2
5471 17.4
5472 2.2
5473 18.4
5474 12.2
5475 11.3
5476 0.3
5477 14.8
5478 12.7
5479 12.3
5480 7.4
5481 18.6
5482 3.7
5483 8.1
5484 3.9
5485 1.0
5486 6.3
5487 19.9
5488 3.3
5489 18.9
5490 4.3
5491 2.6
5492 17.5
5493 17.2
5494 4.2
5495 11.3
5496 17.6
5497 9.4
5498 14.1
5499 6.8
5500 14.3
5501 19.3
5502 5.7
5503 18.9
5504 13.0
5505 16.0
5506 10.5
5507 14.0
5508 5.3
5509 4.3
5510 10.3
5511 11.8
5512 1.6
5513 10.9
5514 5.5
5515 18.1
5516 18.6
5517 7.0
5518 1.6
5519 1.8
5520 3.1
5521 3.2
5522 14.4
5523 19.9
5524 2.1
5525 1.4
5526 5.1
5527 12.9
5528 0.8
5529 19.2
5530 7.1
5531 12.3
5532 18.1
5533 16.4
5534 15.1
5535 6.2
5536 11.3
5537 1.5
5538 4.1
5539 9.2
5540 19.8
5541 1.7
5542 9.4
5543 18.8
5544 11.0
5545 14.3
5546 9.4
5547 19.1
5548 12.7
5549 0.1
5550 19.8
5551 9.7
5552 18.0
5553 15.5
5554 14.3
5555 7.5
5556 17.2
5557 0.2
5558 15.6
5559 19.8
5560 9.8
5561 5.2
5562 16.8
5563 1.8
5564 17.6
5565 13.7
5566 6.5
5567 14.0
5568 16.0
5569 7.3
5570 10.9
5571 10.9
5572 19.2
5573 3.5
5574 6.3
5575 5.5
5576 8.9
5577 6.1
5578 19.8
5579 5.2
5580 8.4
5581 8.9
5582 0.3
5583 4.7
5584 4.2
5585 7.6
5586 19.6
5587 6.7
5588 19.9
5589 18.6
5590 11.4
5591 19.4
5592 17.8
5593 18.1
5594 1.1
5595 13.3
5596 7.6
5597 11.7
5598 11.7
5599 1.1
5600 18.6
5601 17.7
5602 14.4
5603 6.9
5604 0.8
5605 8.3
5606 1.5
5607 11.0
5608 7.6
5609 5.8
5610 19.5
5611 15.1
5612 6.9
5613 15.3
5614 17.9
5615 16.8
5616 18.2
5617 18.9
5618 5.1
5619 1.1
5620 1.0
5621 17.9
5622 9.6
5623 1.9
5624 14.9
5625 5.6
5626 1.4
5627 7.4
5628 5.3
5629 0.2
5630 19.0
5631 19.1
5632 18.8
5633 4.3
5634 1.6
5635 16.6
5636 5.1
5637 7.9
5638 10.5
5639 13.8
5640 19.6
5641 7.5
5642 5.6
5643 4.6
5644 1.2
5645 2.1
5646 12.2
5647 0.1
5648 5.9
5649 10.6
5650 18.4
5651 5.5
5652 6.6
5653 11.4
5654 9.9
5655 7.6
5656 2.3
5657 9.6
5658 6.0
5659 12.3
5660 5.6
5661 5.3
5662 0.1
5663 0.5
5664 12.2
5665 0.5
5666 2.3
5667 9.4
5668 9.2
5669 6.5
5670 1.7
5671 9.7
5672 2.1
5673 10.7
5674 18.7
5675 14.7
5676 15.1
5677 19.3
5678 10.9
5679 14.1
5680 11.8
5681 14.4
5682 18.3
5683 17.1
5684 9.7
5685 14.5
5686 18.2
5687 4.9
5688 2.0
5689 6.5
5690 18.4
5691 5.3
5692 12.7
5693 13.9
5694 8.9
5695 2.4
5696 12.7
5697 13.6
5698 16.3
5699 11.1
5700 2.3
5701 6.3
5702 0.3
5703 10.2
5704 15.5
5705 2.3
5706 13.4
5707 0.3
5708 16.0
5709 16.0
5710 6.4
5711 11.2
5712 2.7
5713 17.0
5714 19.6
5715 1.0
5716 9.3
5717 19.0
5718 2.1
5719 6.3
5720 5.5
5721 11.3
5722 4.7
5723 6.0
5724 11.2
5725 6.2
5726 9.9
5727 19.6
5728 6.4
5729 18.6
5730 12.6
5731 2.1
5732 0.0
5733 5.1
5734 2.9
5735 6.1
5736 4.1
5737 12.2
5738 4.6
5739 10.6
5740 3.7
5741 3.2
5742 3.8
5743 4.6
5744 19.7
5745 0.5
5746 13.1
5747 14.5
5748 4.8
5749 13.1
5750 10.1
5751 13.7
5752 13.3
5753 15.3
5754 13.4
5755 6.0
5756 9.4
5757 9.2
5758 17.0
5759 3.0
5760 0.1
5761 3.9
5762 4.5
5763 10.2
5764 2.0
5765 6.7
5766 2.4
5767 1.8
5768 9.1
5769 4.9
5770 16.8
5771 12.3
5772 0.1
5773 10.0
5774 14.7
5775 2.8
5776 0.9
5777 2.1
5778 0.7
5779 19.6
5780 15.2
5781 7.8
5782 14.5
5783 7.5
5784 3.4
5785 17.5
5786 6.3
5787 16.8
5788 7.7
5789 13.5
5790 8.3
5791 0.1
5792 0.5
5793 18.6
5794 3.6
5795 2.0
5796 10.9
5797 6.5
5798 1.0
5799 19.4
5800 10.3
5801 0.0
5802 15.0
5803 3.6
5804 17.6
5805 7.2
5806 19.6
5807 9.3
5808 6.7
5809 0.5
5810 14.2
5811 4.7
5812 16.0
5813 19.4
5814 1.4
5815 16.1
5816 16.1
5817 14.3
5818 15.1
5819 18.2
5820 0.9
5821 17.3
5822 5.6
5823 4.1
5824 9.7
5825 1.6
5826 3.1
5827 17.2
5828 0.9
5829 7.5
5830 2.2
5831 18.4
5832 1.5
5833 17.8
5834 15.7
5835 16.7
5836 9.5
5837 19.2
5838 4.4
5839 18.9
5840 16.7
5841 2.5
5842 14.6
5843 0.5
5844 0.5
5845 5.8
5846 19.1
5847 18.4
5848 2.3
5849 13.3
5850 5.8
5851 8.8
5852 9.5
5853 7.2
5854 14.4
5855 0.2
5856 5.7
5857 11.6
5858 5.8
5859 9.8
5860 19.4
5861 14.0
5862 0.1
5863 15.3
5864 10.4
5865 10.8
5866 7.3
5867 18.5
5868 13.6
5869 12.0
5870 0.7
5871 4.9
5872 13.6
5873 4.6
5874 3.2
5875 3.5
5876 17.7
5877 7.6
5878 16.0
5879 19.5
5880 8.0
5881 5.1
5882 2.8
5883 4.3
5884 4.9
5885 0.6
5886 5.2
5887 16.9
5888 2.4
5889 16.3
5890 12.0
5891 1.8
5892 4.6
5893 1.5
5894 13.4
5895 19.9
5896 5.3
5897 3.3
5898 16.6
5899 0.5
5900 4.1
5901 1.2
5902 17.0
5903 11.6
5904 7.4
5905 16.0
5906 2.8
5907 14.9
5908 5.7
5909 19.5
5910 4.6
5911 2.2
5912 11.9
5913 19.2
5914 16.1
5915 12.2
5916 3.7
5917 17.7
5918 3.4
5919 7.3
5920 3.5
5921 4.1
5922 11.1
5923 4.7
5924 17.7
5925 1.0
5926 2.6
5927 0.0
5928 13.1
5929 2.1
5930 8.7
5931 9.7
5932 14.8
5933 16.1
5934 10.4
5935 13.8
5936 9.9
5937 15.4
5938 4.3
5939 6.3
5940 12.2
5941 17.8
5942 3.6
5943 12.6
5944 16.1
5945 3.8
5946 17.2
5947 17.9
5948 5.4
5949 13.5
5950 17.4
5951 10.2
5952 3.0
5953 12.9
5954 8.2
5955 8.6
5956 18.9
5957 0.8
5958 5.6
5959 3.1
5960 13.4
5961 17.3
5962 19.4
5963 10.3
5964 15.9
5965 0.9
5966 7.8
5967 6.3
5968 11.6
5969 16.1
5970 15.1
5971 1.3
5972 18.3
5973 10.3
5974 6.3
5975 12.5
5976 2.5
5977 12.9
5978 5.1
5979 12.8
5980 10.4
5981 1.8
5982 3.5
5983 10.9
5984 13.2
5985 10.3
5986 4.4
5987 3.5
5988 3.9
5989 16.5
5990 6.8
5991 12.1
5992 18.5
5993 16.5
5994 4.9
5995 0.4
5996 14.9
5997 0.9
5998 10.3
5999 15.2
6000 9.2
6001 8.0
6002 11.6
6003 8.2
6004 6.0
6005 8.5
6006 2.6
6007 4.2
6008 18.8
6009 3.8
6010 0.0
6011 0.6
6012 0.7
6013 0.0
6014 10.1
6015 6.5
6016 4.2
6017 0.0
6018 3.4
6019 3.4
6020 4.4
6021 2.0
6022 5.1
6023 7.3
6024 0.1
6025 15.2
6026 4.2
6027 10.0
6028 6.7
6029 18.9
6030 11.9
6031 19.2
6032 7.7
6033 3.6
6034 0.0
6035 5.1
6036 19.7
6037 0.0
6038 12.1
6039 15.8
6040 10.2
6041 1.7
6042 5.7
6043 8.8
6044 0.7
6045 1.2
6046 3.3
6047 11.0
6048 6.8
6049 1.5
6050 10.5
6051 12.6
6052 8.7
6053 1.9
6054 0.0
6055 13.1
6056 1.8
6057 11.5
6058 19.9
6059 14.7
6060 10.7
6061 16.1
6062 9.1
6063 7.5
6064 19.6
6065 6.4
6066 19.0
6067 14.8
6068 4.6
6069 11.6
6070 5.7
6071 19.1
6072 4.3
6073 3.7
6074 7.2
6075 2.8
6076 15.7
6077 11.4
6078 12.2
6079 10.4
6080 6.9
6081 9.7
6082 11.5
6083 10.1
6084 16.3
6085 18.9
6086 1.5
6087 16.3
6088 12.7
6089 16.1
6090 10.2
6091 19.6
6092 12.3
6093 4.1
6094 1.5
6095 18.9
6096 17.3
6097 8.1
6098 2.6
6099 7.3
6100 10.0
6101 14.0
6102 17.3
6103 13.6
6104 18.2
6105 6.2
6106 15.4
6107 17.2
6108 15.5
6109 5.3
6110 0.4
6111 16.4
6112 17.0
6113 12.2
6114 2.9
6115 5.7
6116 13.4
6117 8.6
6118 13.3
6119 2.1
6120 7.7
6121 6.3
6122 4.1
6123 9.2
6124 4.5
6125 16.2
6126 4.5
6127 1.1
6128 5.1
6129 12.2
6130 19.1
6131 11.7
6132 0.2
6133 7.0
6134 5.8
6135 11.7
6136 13.2
6137 11.3
6138 17.1
6139 8.5
6140 2.3
6141 10.7
6142 16.4
6143 16.5
6144 5.5
6145 13.3
6146 18.7
6147 14.3
6148 1.2
6149 1.0
6150 5.4
6151 19.0
6152 19.2
6153 16.1
6154 5.3
6155 12.7
6156 15.1
6157 19.8
6158 9.1
6159 16.8
6160 5.1
6161 2.4
6162 16.3
6163 17.4
6164 3.5
6165 14.1
6166 1.9
6167 12.2
6168 17.6
6169 5.8
6170 7.9
6171 19.5
6172 0.4
6173 17.5
6174 6.9
6175 7.9
6176 7.9
6177 4.7
6178 4.1
6179 7.4
6180 10.3
6181 1.3
6182 7.7
6183 0.2
6184 13.1
6185 14.5
6186 11.8
6187 4.9
6188 18.8
6189 8.2
6190 7.7
6191 19.3
6192 4.1
6193 18.2
6194 5.6
6195 12.6
6196 0.5
6197 0.5
6198 8.5
6199 2.0
6200 15.1
6201 14.8
6202 14.6
6203 1.8
6204 18.2
6205 9.3
6206 2.0
6207 10.2
6208 19.9
6209 13.1
6210 1.9
6211 7.2
6212 9.3
6213 13.1
6214 16.6
6215 18.7
6216 18.7
6217 1.4
6218 8.8
6219 7.7
6220 4.8
6221 8.3
6222 17.4
6223 11.2
6224 11.2
6225 12.9
6226 9.1
6227 8.1
6228 5.1
6229 9.8
6230 7.5
6231 8.6
6232 12.5
6233 9.2
6234 16.0
6235 18.9
6236 6.5
6237 16.1
6238 5.2
6239 15.1
6240 3.4
6241 8.6
6242 0.4
6243 8.3
6244 17.6
6245 9.6
6246 5.3
6247 10.3
6248 2.7
6249 19.4
6250 10.2
6251 3.3
6252 10.4
6253 11.5
6254 3.4
6255 2.7
6256 4.5
6257 10.1
6258 10.4
6259 4.5
6260 13.8
6261 16.8
6262 15.3
6263 15.7
6264 14.1
6265 14.9
6266 18.1
6267 16.1
6268 1.8
6269 3.1
6270 19.4
6271 8.5
6272 5.4
6273 16.3
6274 8.2
6275 1.6
6276 3.8
6277 11.2
6278 15.9
6279 4.1
6280 5.7
6281 4.1
6282 1.4
6283 11.1
6284 7.8
6285 9.6
6286 11.0
6287 10.1
6288 7.5
6289 14.1
6290 13.1
6291 17.3
6292 18.8
6293 7.5
6294 3.6
6295 1.9
6296 8.4
6297 13.2
6298 1.3
6299 4.2
6300 13.9
6301 6.7
6302 6.5
6303 13.2
6304 0.5
6305 8.7
6306 15.9
6307 11.5
6308 7.4
6309 19.1
6310 18.4
6311 5.3
6312 3.9
6313 2.4
6314 5.9
6315 2.0
6316 3.2
6317 18.0
6318 12.5
6319 17.9
6320 8.8
6321 11.7
6322 12.8
6323 6.0
6324 9.5
6325 18.3
6326 14.3
6327 16.6
6328 17.4
6329 7.6
6330 5.1
6331 12.4
6332 17.0
6333 16.1
6334 5.3
6335 2.5
6336 5.9
6337 4.5
6338 15.3
6339 3.9
6340 16.0
6341 19.3
6342 14.7
6343 17.6
6344 12.9
6345 11.5
6346 12.0
6347 7.5
6348 0.9
6349 8.5
6350 12.4
6351 18.4
6352 17.3
6353 13.0
6354 17.1
6355 8.7
6356 11.7
6357 16.1
6358 5.4
6359 16.1
6360 13.5
6361 15.4
6362 2.9
6363 0.2
6364 14.6
6365 11.7
6366 17.9
6367 0.7
6368 15.7
6369 5.8
6370 9.8
6371 5.0
6372 7.6
6373 13.8
6374 14.0
6375 6.0
6376 11.6
6377 11.7
6378 1.1
6379 19.4
6380 10.9
6381 13.3
6382 12.5
6383 15.2
6384 0.9
6385 9.6
6386 14.4
6387 8.1
6388 6.0
6389 1.1
6390 15.8
6391 11.3
6392 18.6
6393 3.3
6394 7.7
6395 0.2
6396 15.1
6397 5.1
6398 11.0
6399 6.6
6400 6.3
6401 19.3
6402 12.7
6403 7.8
6404 11.5
6405 3.9
6406 19.1
6407 14.4
6408 3.6
6409 5.0
6410 4.6
6411 15.5
6412 13.6
6413 1.8
6414 6.3
6415 6.3
6416 10.2
6417 16.2
6418 19.5
6419 2.4
6420 14.3
6421 12.2
6422 4.2
6423 19.3
6424 10.7
6425 15.0
6426 0.8
6427 18.2
6428 13.3
6429 19.9
6430 19.5
6431 8.7
6432 6.1
6433 12.7
6434 11.6
6435 16.0
6436 13.6
6437 10.6
6438 19.3
6439 0.5
6440 3.7
6441 13.6
6442 11.8
6443 5.9
6444 19.8
6445 15.8
6446 15.6
6447 3.4
6448 0.1
6449 10.8
6450 10.3
6451 15.0
6452 9.0
6453 6.6
6454 4.7
6455 7.7
6456 18.4
6457 14.0
6458 0.3
6459 19.5
6460 8.9
6461 10.1
6462 18.8
6463 8.0
6464 18.6
6465 9.5
6466 5.4
6467 7.6
6468 3.0
6469 7.2
6470 13.4
6471 7.3
6472 11.4
6473 17.6
6474 11.9
6475 15.0
6476 4.3
6477 6.3
6478 14.4
6479 11.6
6480 13.3
6481 1.2
6482 18.6
6483 8.0
6484 7.4
6485 7.9
6486 16.0
6487 9.7
6488 11.5
6489 8.8
6490 2.4
6491 18.8
6492 12.5
6493 3.3
6494 4.0
6495 7.5
6496 17.9
6497 3.0
6498 2.2
6499 10.9
6500 11.5
6501 9.3
6502 19.3
6503 10.3
6504 9.6
6505 12.8
6506 12.6
6507 12.7
6508 1.2
6509 0.0
6510 9.5
6511 16.1
6512 0.0
6513 0.3
6514 7.8
6515 13.8
6516 6.5
6517 15.8
6518 9.8
6519 17.0
6520 16.0
6521 13.4
6522 6.8
6523 19.1
6524 11.1
6525 11.9
6526 12.9
6527 18.8
6528 11.5
6529 0.0
6530 17.1
6531 0.0
6532 4.2
6533 19.8
6534 15.0
6535 3.5
6536 10.6
6537 18.8
6538 11.6
6539 14.8
6540 14.0
6541 19.6
6542 11.0
6543 9.3
6544 4.3
6545 0.8
6546 16.8
6547 6.4
6548 10.1
6549 5.7
6550 15.2
6551 12.3
6552 19.7
6553 8.9
6554 1.9
6555 11.0
6556 1.8
6557 19.5
6558 15.5
6559 17.3
6560 3.9
6561 13.6
6562 16.8
6563 16.1
6564 17.6
6565 19.7
6566 9.8
6567 7.3
6568 7.8
6569 16.7
6570 11.2
6571 9.5
6572 11.1
6573 7.3
6574 12.9
6575 8.5
6576 14.1
6577 10.8
6578 3.7
6579 1.3
6580 0.1
6581 16.5
6582 17.4
6583 0.8
6584 6.8
6585 1.3
6586 12.0
6587 5.4
6588 10.6
6589 5.0
6590 9.0
6591 7.6
6592 19.5
6593 0.2
6594 12.1
6595 16.4
6596 15.1
6597 6.3
6598 1.6
6599 1.4
6600 13.3
6601 1.4
6602 5.3
6603 13.3
6604 11.3
6605 0.2
6606 10.6
6607 15.6
6608 4.8
6609 7.8
6610 4.7
6611 17.4
6612 14.5
6613 1.5
6614 16.1
6615 1.3
6616 3.3
6617 6.3
6618 0.9
6619 16.3
6620 19.5
6621 11.0
6622 2.7
6623 7.6
6624 17.0
6625 10.7
6626 12.1
6627 11.7
6628 14.8
6629 13.7
6630 6.8
6631 2.1
6632 7.0
6633 8.4
6634 2.3
6635 10.5
6636 9.4
6637 13.1
6638 0.8
6639 1.4
6640 8.1
6641 7.1
6642 10.7
6643 16.7
6644 1.7
6645 11.3
6646 18.8
6647 15.1
6648 11.4
6649 17.9
6650 16.1
6651 8.0
6652 18.5
6653 2.0
6654 2.6
6655 9.0
6656 4.1
6657 11.1
6658 5.4
6659 19.9
6660 13.2
6661 19.7
6662 8.3
6663 16.3
6664 1.9
6665 17.4
6666 8.9
6667 8.9
6668 17.8
6669 10.3
6670 1.2
6671 12.0
6672 0.3
6673 1.4
6674 12.5
6675 2.8
6676 14.9
6677 2.5
6678 18.8
6679 15.3
6680 5.7
6681 16.4
6682 14.7
6683 5.9
6684 4.8
6685 4.9
6686 13.8
6687 5.7
6688 18.0
6689 16.9
6690 17.8
6691 19.1
6692 3.4
6693 0.1
6694 12.8
6695 13.8
6696 16.1
6697 18.4
6698 8.1
6699 11.1
6700 17.8
6701 3.6
6702 10.0
6703 0.5
6704 3.5
6705 10.1
6706 3.3
6707 16.9
6708 13.0
6709 2.5
6710 12.4
6711 9.5
6712 1.0
6713 19.0
6714 7.7
6715 17.4
6716 2.9
6717 19.9
6718 5.5
6719 13.3
6720 11.1
6721 7.0
6722 17.0
6723 10.5
6724 6.6
6725 10.3
6726 1.6
6727 18.4
6728 4.3
6729 13.3
6730 8.1
6731 12.0
6732 16.0
6733 4.5
6734 14.0
6735 4.9
6736 7.7
6737 4.0
6738 10.6
6739 0.9
6740 16.2
6741 19.1
6742 12.8
6743 7.0
6744 9.8
6745 15.1
6746 15.3
6747 2.2
6748 7.5
6749 19.5
6750 13.3
6751 2.6
6752 17.3
6753 2.5
6754 1.1
6755 12.1
6756 11.2
6757 14.1
6758 19.0
6759 0.1
6760 12.6
6761 13.7
6762 15.1
6763 10.4
6764 11.4
6765 11.8
6766 19.0
6767 7.2
6768 1.2
6769 6.8
6770 10.2
6771 0.1
6772 9.9
6773 6.9
6774 16.5
6775 19.3
6776 18.9
6777 13.6
6778 6.0
6779 11.8
6780 1.4
6781 6.6
6782 6.5
6783 2.8
6784 4.2
6785 13.4
6786 10.3
6787 1.0
6788 17.7
6789 18.1
6790 10.3
6791 6.3
6792 13.4
6793 2.5
6794 6.9
6795 18.6
6796 12.3
6797 14.7
6798 19.3
6799 3.1
6800 1.3
6801 6.1
6802 0.0
6803 8.5
6804 0.8
6805 13.7
6806 15.8
6807 5.2
6808 2.3
6809 11.2
6810 14.6
6811 13.2
6812 16.2
6813 11.8
6814 4.7
6815 0.0
6816 6.0
6817 5.9
6818 0.3
6819 17.8
6820 11.1
6821 14.9
6822 3.0
6823 10.4
6824 11.0
6825 9.6
6826 2.4
6827 5.2
6828 19.1
6829 11.2
6830 19.8
6831 1.7
6832 18.0
6833 8.6
6834 9.1
6835 19.3
6836 13.3
6837 3.7
6838 10.4
6839 16.3
6840 17.9
6841 16.8
6842 8.0
6843 7.4
6844 13.1
6845 4.5
6846 6.6
6847 9.7
6848 10.1
6849 2.5
6850 2.7
6851 18.7
6852 17.6
6853 3.1
6854 15.9
6855 18.3
6856 10.0
6857 9.2
6858 5.2
6859 15.2
6860 1.9
6861 0.9
6862 4.3
6863 14.6
6864 2.8
6865 4.3
6866 4.4
6867 2.4
6868 7.8
6869 10.3
6870 19.8
6871 13.1
6872 4.6
6873 15.9
6874 6.4
6875 17.3
6876 6.9
6877 12.1
6878 3.0
6879 14.0
6880 3.3
6881 7.9
6882 2.7
6883 14.6
6884 19.0
6885 17.7
6886 13.5
6887 8.0
6888 7.3
6889 10.2
6890 6.1
6891 5.1
6892 17.7
6893 13.8
6894 0.4
6895 0.7
6896 2.6
6897 12.1
6898 0.8
6899 13.5
6900 2.3
6901 1.0
6902 4.4
6903 9.5
6904 19.6
6905 3.8
6906 6.2
6907 4.1
6908 19.7
6909 4.8
6910 16.0
6911 4.3
6912 3.8
6913 3.1
6914 12.6
6915 18.6
6916 19.1
6917 10.2
6918 11.3
6919 12.0
6920 19.6
6921 18.0
6922 9.5
6923 4.0
6924 9.5
6925 8.7
6926 1.2
6927 17.1
6928 1.0
6929 14.8
6930 18.5
6931 3.4
6932 9.3
6933 1.7
6934 7.1
6935 12.3
6936 0.0
6937 6.8
6938 0.8
6939 19.4
6940 3.0
6941 18.0
6942 1.9
6943 13.2
6944 2.2
6945 3.7
6946 19.4
6947 10.5
6948 13.5
6949 12.9
6950 12.1
6951 16.2
6952 11.1
6953 5.8
6954 10.1
6955 19.7
6956 14.4
6957 17.2
6958 4.7
6959 17.0
6960 10.3
6961 5.5
6962 6.0
6963 18.9
6964 7.5
6965 17.8
6966 3.4
6967 3.6
6968 19.9
6969 6.7
6970 8.9
6971 1.1
6972 4.3
6973 18.7
6974 17.1
6975 10.7
6976 6.1
6977 13.4
6978 16.9
6979 18.5
6980 18.4
6981 8.0
6982 9.2
6983 4.2
6984 18.2
6985 4.3
6986 9.3
6987 1.2
6988 16.8
6989 7.7
6990 17.0
6991 16.8
6992 3.0
6993 8.7
6994 17.3
6995 6.0
6996 1.2
6997 16.0
6998 19.4
6999 13.3
7000 2.0
7001 15.1
7002 18.8
7003 3.3
7004 17.0
7005 12.0
7006 7.7
7007 10.6
7008 12.9
7009 0.5
7010 16.9
7011 3.9
7012 1.5
7013 1.4
7014 19.0
7015 17.3
7016 11.9
7017 3.6
7018 12.2
7019 5.8
7020 8.3
7021 4.6
7022 6.4
7023 11.4
7024 16.3
7025 7.9
7026 12.8
7027 7.4
7028 19.8
7029 1.5
7030 9.8
7031 0.2
7032 14.8
7033 0.5
7034 5.5
7035 1.6
7036 5.5
7037 14.2
7038 19.6
7039 7.1
7040 13.2
7041 14.3
7042 15.6
7043 3.9
7044 4.1
7045 5.5
7046 7.3
7047 2.9
7048 2.0
7049 8.0
7050 3.9
7051 18.7
7052 10.9
7053 2.0
7054 9.3
7055 1.9
7056 12.1
7057 12.3
7058 7.3
7059 18.8
7060 17.3
7061 1.1
7062 0.6
7063 2.3
7064 9.1
7065 3.3
7066 10.8
7067 1.2
7068 12.4
7069 13.1
7070 9.3
7071 14.9
7072 1.0
7073 16.0
7074 8.8
7075 4.4
7076 5.7
7077 11.9
7078 7.5
7079 16.0
7080 13.7
7081 2.0
7082 12.9
7083 16.3
7084 17.0
7085 14.5
7086 7.8
7087 19.1
7088 1.3
7089 6.5
7090 11.5
7091 14.2
7092 18.7
7093 17.5
7094 8.3
7095 0.9
7096 4.5
7097 16.6
7098 19.3
7099 16.0
7100 17.4
7101 9.0
7102 15.5
7103 4.8
7104 9.7
7105 3.5
7106 2.3
7107 9.9
7108 17.0
7109 18.6
7110 10.4
7111 9.0
7112 14.0
7113 5.1
7114 16.5
7115 15.7
7116 19.1
7117 10.6
7118 19.0
7119 8.2
7120 6.7
7121 1.1
7122 2.8
7123 3.6
7124 2.1
7125 8.9
7126 14.8
7127 4.3
7128 15.7
7129 8.0
7130 11.2
7131 1.7
7132 2.6
7133 11.9
7134 5.1
7135 14.1
7136 0.3
7137 19.6
7138 15.0
7139 5.7
7140 7.4
7141 12.3
7142 13.1
7143 12.5
7144 19.9
7145 12.2
7146 4.5
7147 11.0
7148 19.1
7149 13.1
7150 15.4
7151 18.5
7152 19.8
7153 19.7
7154 3.1
7155 11.3
7156 7.2
7157 5.2
7158 12.6
7159 0.1
7160 10.4
7161 12.4
7162 5.4
7163 18.0
7164 13.1
7165 15.7
7166 15.9
7167 11.1
7168 10.8
7169 12.0
7170 0.1
7171 6.3
7172 7.7
7173 4.0
7174 12.0
7175 6.3
7176 7.8
7177 9.2
7178 4.6
7179 8.2
7180 9.3
7181 9.7
7182 13.3
7183 15.1
7184 14.7
7185 1.2
7186 15.1
7187 6.7
7188 7.9
7189 13.2
7190 4.4
7191 2.4
7192 8.9
7193 6.2
7194 0.7
7195 9.0
7196 1.3
7197 4.2
7198 3.8
7199 14.6
7200 5.7
7201 3.5
7202 6.0
7203 4.4
7204 11.7
7205 0.4
7206 14.0
7207 16.3
7208 3.9
7209 11.8
7210 17.2
7211 2.9
7212 12.7
7213 7.0
7214 1.2
7215 0.9
7216 7.0
7217 16.3
7218 12.1
7219 10.0
7220 12.6
7221 19.7
7222 7.5
7223 5.8
7224 2.1
7225 12.1
7226 15.9
7227 16.2
7228 10.8
7229 7.3
7230 0.1
7231 18.7
7232 15.0
7233 0.8
7234 5.8
7235 19.4
7236 3.2
7237 18.7
7238 9.8
7239 11.0
7240 16.4
7241 16.3
7242 0.3
7243 6.6
7244 18.5
7245 12.0
7246 1.0
7247 4.9
7248 16.2
7249 6.3
7250 11.4
7251 15.3
7252 4.9
7253 19.5
7254 2.2
7255 7.8
7256 12.0
7257 1.0
7258 4.2
7259 2.2
7260 8.4
7261 14.2
7262 15.9
7263 16.5
7264 10.3
7265 19.6
7266 8.9
7267 10.3
7268 2.4
7269 17.7
7270 3.9
7271 3.4
7272 7.3
7273 18.4
7274 9.5
7275 15.9
7276 17.3
7277 12.1
7278 15.5
7279 1.3
7280 18.8
7281 1.1
7282 18.8
7283 13.3
7284 14.8
7285 19.4
7286 7.3
7287 19.7
7288 18.1
7289 13.2
7290 15.6
7291 17.2
7292 15.4
7293 18.9
7294 19.3
7295 3.6
7296 15.9
7297 14.6
7298 13.2
7299 19.7
7300 16.3
7301 1.0
7302 14.2
7303 13.3
7304 2.7
7305 18.5
7306 3.5
7307 4.6
7308 19.2
7309 11.0
7310 2.8
7311 4.8
7312 9.5
7313 18.0
7314 10.0
7315 3.0
7316 10.7
7317 11.8
7318 12.1
7319 12.5
7320 19.3
7321 3.6
7322 19.2
7323 16.6
7324 8.0
7325 15.4
7326 10.9
7327 11.6
7328 10.7
7329 4.7
7330 0.6
7331 7.3
7332 10.0
7333 17.1
7334 14.7
7335 6.7
7336 12.6
7337 15.3
7338 3.7
7339 18.8
7340 13.5
7341 14.8
7342 1.6
7343 11.1
7344 17.6
7345 16.6
7346 2.2
7347 1.4
7348 8.3
7349 1.1
7350 11.3
7351 5.7
7352 19.2
7353 19.7
7354 3.6
7355 10.4
7356 17.2
7357 6.5
7358 17.4
7359 16.2
7360 14.2
7361 6.2
7362 18.9
7363 18.2
7364 15.9
7365 12.6
7366 16.3
7367 15.8
7368 2.2
7369 5.2
7370 5.5
7371 12.4
7372 1.3
7373 17.3
7374 4.3
7375 14.9
7376 16.3
7377 8.4
7378 9.4
7379 12.2
7380 8.7
7381 15.0
7382 7.7
7383 1.3
7384 17.4
7385 3.6
7386 6.6
7387 16.8
7388 6.5
7389 6.2
7390 1.7
7391 15.3
7392 15.8
7393 0.4
7394 0.3
7395 6.5
7396 19.2
7397 15.2
7398 1.7
7399 10.8
7400 4.6
7401 2.3
7402 12.7
7403 6.0
7404 17.4
7405 12.7
7406 10.6
7407 6.2
7408 14.0
7409 11.5
7410 16.7
7411 9.4
7412 4.3
7413 5.7
7414 9.8
7415 2.1
7416 6.2
7417 7.6
7418 8.0
7419 3.2
7420 9.9
7421 16.5
7422 3.3
7423 6.1
7424 11.6
7425 2.0
7426 8.5
7427 4.7
7428 7.6
7429 6.9
7430 19.4
7431 16.0
7432 14.7
7433 11.0
7434 19.1
7435 4.6
7436 11.8
7437 15.6
7438 4.1
7439 16.6
7440 6.2
7441 18.2
7442 8.7
7443 17.3
7444 18.7
7445 12.9
7446 1.1
7447 7.0
7448 6.0
7449 8.2
7450 7.2
7451 14.1
7452 3.0
7453 18.6
7454 18.7
7455 12.2
7456 10.3
7457 13.9
7458 15.1
7459 15.3
7460 14.2
7461 11.3
7462 19.3
7463 15.9
7464 4.8
7465 0.4
7466 2.8
7467 18.3
7468 13.7
7469 9.0
7470 18.6
7471 1.8
7472 5.4
7473 4.1
7474 17.7
7475 17.2
7476 13.9
7477 18.6
7478 10.9
7479 8.3
7480 16.6
7481 19.3
7482 19.1
7483 12.3
7484 13.4
7485 11.3
7486 8.2
7487 1.3
7488 0.1
7489 14.9
7490 15.7
7491 7.0
7492 2.5
7493 9.6
7494 13.8
7495 17.9
7496 9.9
7497 18.2
7498 9.1
7499 10.7
7500 12.4
7501 9.2
7502 3.6
7503 18.9
7504 17.5
7505 7.3
7506 9.6
7507 10.3
7508 18.3
7509 0.0
7510 13.9
7511 10.4
7512 7.8
7513 3.0
7514 4.1
7515 8.6
7516 5.6
7517 0.6
7518 1.8
7519 0.9
7520 15.9
7521 2.0
7522 10.7
7523 6.5
7524 13.9
7525 3.1
7526 12.2
7527 18.6
7528 5.4
7529 3.9
7530 3.8
7531 10.9
7532 1.7
7533 10.1
7534 8.8
7535 17.9
7536 15.0
7537 13.8
7538 9.0
7539 15.4
7540 14.0
7541 10.4
7542 0.2
7543 14.6
7544 10.4
7545 6.1
7546 11.4
7547 12.9
7548 13.4
7549 10.9
7550 11.2
7551 0.2
7552 3.6
7553 7.1
7554 5.3
7555 12.5
7556 5.5
7557 3.2
7558 2.1
7559 12.8
7560 11.7
7561 12.4
7562 1.0
7563 9.0
7564 12.6
7565 3.5
7566 2.8
7567 14.4
7568 6.3
7569 6.3
7570 0.9
7571 11.3
7572 2.0
7573 10.0
7574 18.9
7575 11.6
7576 12.2
7577 16.1
7578 2.2
7579 17.7
7580 3.8
7581 13.1
7582 12.7
7583 6.1
7584 2.1
7585 13.6
7586 3.9
7587 10.3
7588 4.2
7589 12.8
7590 5.3
7591 14.3
7592 17.3
7593 12.0
7594 3.5
7595 13.5
7596 1.4
7597 7.3
7598 1.1
7599 12.9
7600 18.2
7601 17.3
7602 12.2
7603 5.5
7604 17.3
7605 18.5
7606 19.2
7607 14.6
7608 3.0
7609 1.4
7610 5.7
7611 7.4
7612 1.9
7613 7.4
7614 4.4
7615 18.9
7616 9.4
7617 5.1
7618 14.1
7619 19.5
7620 11.0
7621 0.4
7622 19.2
7623 11.7
7624 11.4
7625 8.0
7626 3.6
7627 12.5
7628 19.7
7629 13.1
7630 13.0
7631 7.3
7632 3.8
7633 7.9
7634 15.3
7635 15.4
7636 14.6
7637 6.8
7638 12.8
7639 19.3
7640 6.4
7641 4.9
7642 8.7
7643 11.2
7644 2.5
7645 4.7
7646 4.2
7647 2.2
7648 5.1
7649 6.2
7650 5.8
7651 7.6
7652 16.0
7653 10.2
7654 7.4
7655 14.9
7656 15.1
7657 10.3
7658 0.3
7659 18.7
7660 16.7
7661 13.2
7662 2.8
7663 15.6
7664 18.8
7665 17.0
7666 11.4
7667 14.0
7668 10.3
7669 10.3
7670 13.6
7671 9.9
7672 14.2
7673 5.4
7674 11.5
7675 11.1
7676 14.1
7677 18.2
7678 4.5
7679 19.6
7680 3.1
7681 5.0
7682 18.0
7683 15.2
7684 2.9
7685 11.6
7686 17.4
7687 0.3
7688 5.0
7689 11.4
7690 9.9
7691 17.2
7692 0.0
7693 9.0
7694 15.0
7695 12.7
7696 12.3
7697 16.2
7698 4.1
7699 2.5
7700 11.3
7701 14.4
7702 10.9
7703 8.6
7704 17.8
7705 13.6
7706 18.7
7707 17.8
7708 16.9
7709 1.2
7710 14.6
7711 12.4
7712 5.5
7713 11.7
7714 12.5
7715 17.7
7716 0.8
7717 12.0
7718 11.2
7719 9.2
7720 18.0
7721 3.6
7722 11.9
7723 5.1
7724 14.1
7725 19.2
7726 4.3
7727 10.9
7728 17.6
7729 9.7
7730 0.2
7731 0.7
7732 17.0
7733 12.9
7734 18.6
7735 3.8
7736 3.2
7737 15.6
7738 12.9
7739 3.8
7740 11.5
7741 7.5
7742 6.8
7743 11.3
7744 6.2
7745 5.1
7746 4.2
7747 6.0
7748 4.5
7749 0.8
7750 13.3
7751 13.1
7752 12.4
7753 17.8
7754 17.2
7755 11.7
7756 10.5
7757 12.2
7758 3.9
7759 16.2
7760 6.3
7761 6.2
7762 4.9
7763 0.8
7764 5.6
7765 10.4
7766 17.1
7767 7.7
7768 7.0
7769 2.1
7770 13.9
7771 7.1
7772 8.5
7773 12.1
7774 14.4
7775 19.1
7776 10.5
7777 9.5
7778 0.0
7779 18.9
7780 10.4
7781 16.6
7782 12.8
7783 18.0
7784 8.4
7785 4.8
7786 3.1
7787 9.4
7788 3.2
7789 0.4
7790 3.1
7791 0.2
7792 17.1
7793 3.5
7794 18.5
7795 15.3
7796 18.1
7797 12.7
7798 8.5
7799 8.1
7800 15.7
7801 3.1
7802 9.1
7803 18.5
7804 6.1
7805 18.4
7806 8.9
7807 10.7
7808 5.2
7809 14.2
7810 11.3
7811 7.9
7812 0.6
7813 15.2
7814 14.1
7815 0.4
7816 8.1
7817 8.1
7818 1.0
7819 4.1
7820 3.0
7821 13.0
7822 15.1
7823 1.8
7824 4.9
7825 6.0
7826 18.4
7827 3.8
7828 11.1
7829 19.6
7830 11.5
7831 18.9
7832 12.4
7833 15.2
7834 6.2
7835 8.7
7836 7.8
7837 18.1
7838 18.7
7839 11.2
7840 19.4
7841 9.9
7842 2.6
7843 15.1
7844 13.7
7845 0.8
7846 12.1
7847 11.8
7848 3.8
7849 10.5
7850 17.8
7851 10.0
7852 13.5
7853 5.6
7854 12.1
7855 8.5
7856 17.3
7857 12.6
7858 7.2
7859 13.1
7860 8.1
7861 13.7
7862 17.0
7863 5.4
7864 6.1
7865 2.5
7866 11.2
7867 15.0
7868 17.3
7869 10.9
7870 6.7
7871 9.8
7872 10.4
7873 1.1
7874 8.7
7875 8.1
7876 18.3
7877 13.2
7878 8.7
7879 15.8
7880 13.6
7881 7.7
7882 17.9
7883 12.9
7884 12.7
7885 17.8
7886 11.5
7887 8.7
7888 11.4
7889 18.1
7890 0.7
7891 1.9
7892 7.2
7893 18.8
7894 7.7
7895 2.2
7896 6.9
7897 11.3
7898 13.3
7899 17.1
7900 18.8
7901 5.8
7902 6.0
7903 12.5
7904 11.4
7905 10.5
7906 15.5
7907 8.1
7908 6.6
7909 7.9
7910 14.8
7911 18.4
7912 8.3
7913 12.9
7914 0.1
7915 13.3
7916 12.2
7917 9.2
7918 0.1
7919 14.1
7920 16.5
7921 12.4
7922 7.9
7923 8.4
7924 1.4
7925 9.6
7926 17.6
7927 12.3
7928 16.8
7929 19.4
7930 16.1
7931 11.1
7932 6.5
7933 16.2
7934 6.7
7935 15.0
7936 7.5
7937 15.4
7938 18.8
7939 9.1
7940 13.6
7941 7.6
7942 15.5
7943 15.3
7944 19.4
7945 0.8
7946 10.4
7947 11.5
7948 0.5
7949 16.2
7950 2.1
7951 10.6
7952 7.4
7953 13.6
7954 0.5
7955 16.8
7956 17.6
7957 12.8
7958 7.2
7959 13.7
7960 8.9
7961 1.6
7962 0.0
7963 12.1
7964 17.4
7965 7.2
7966 3.5
7967 15.2
7968 5.6
7969 16.1
7970 1.3
7971 6.6
7972 10.0
7973 1.7
7974 7.3
7975 8.4
7976 13.0
7977 2.2
7978 2.8
7979 4.9
7980 17.9
7981 19.2
7982 8.6
7983 1.8
7984 6.0
7985 17.2
7986 14.1
7987 8.3
7988 7.5
7989 13.8
7990 6.4
7991 15.4
7992 18.1
7993 12.0
7994 11.0
7995 4.3
7996 2.5
7997 18.3
7998 3.2
7999 6.3
8000 5.3
8001 14.7
8002 5.7
8003 1.9
8004 4.3
8005 5.7
8006 11.3
8007 7.7
8008 5.5
8009 2.5
8010 18.4
8011 16.1
8012 9.6
8013 14.6
8014 6.9
8015 6.5
8016 4.8
8017 11.6
8018 19.5
8019 5.1
8020 9.0
8021 17.7
8022 10.1
8023 12.4
8024 11.1
8025 2.1
8026 11.0
8027 13.0
8028 9.3
8029 15.7
8030 3.1
8031 16.8
8032 15.7
8033 18.0
8034 18.2
8035 16.2
8036 6.3
8037 6.3
8038 3.1
8039 4.8
8040 14.0
8041 16.2
8042 6.6
8043 1.6
8044 6.4
8045 16.4
8046 9.6
8047 14.8
8048 19.4
8049 11.8
8050 9.9
8051 18.6
8052 14.5
8053 4.1
8054 5.8
8055 5.8
8056 15.6
8057 18.8
8058 14.2
8059 19.4
8060 19.8
8061 0.5
8062 14.0
8063 4.6
8064 18.1
8065 13.5
8066 18.2
8067 3.5
8068 3.0
8069 19.3
8070 12.0
8071 15.4
8072 15.8
8073 14.3
8074 12.4
8075 9.8
8076 13.5
8077 10.6
8078 7.5
8079 11.8
8080 2.9
8081 16.3
8082 3.3
8083 10.9
8084 18.0
8085 19.0
8086 12.3
8087 10.5
8088 0.8
8089 11.3
8090 15.2
8091 0.7
8092 1.7
8093 9.8
8094 19.3
8095 10.9
8096 7.3
8097 1.6
8098 0.6
8099 1.0
8100 16.2
8101 3.4
8102 12.7
8103 11.8
8104 15.3
8105 5.2
8106 0.4
8107 11.4
8108 1.7
8109 0.1
8110 15.3
8111 11.5
8112 11.8
8113 17.8
8114 12.1
8115 10.4
8116 5.5
8117 16.3
8118 18.9
8119 13.1
8120 11.9
8121 5.5
8122 2.5
8123 3.7
8124 19.2
8125 3.4
8126 14.8
8127 18.5
8128 6.8
8129 1.2
8130 1.1
8131 12.2
8132 12.9
8133 3.0
8134 12.9
8135 17.6
8136 0.8
8137 10.0
8138 6.0
8139 0.6
8140 11.5
8141 5.1
8142 4.6
8143 1.5
8144 8.1
8145 14.0
8146 7.0
8147 1.5
8148 15.1
8149 16.6
8150 7.5
8151 12.6
8152 19.6
8153 3.4
8154 0.6
8155 18.3
8156 7.3
8157 1.6
8158 17.7
8159 11.1
8160 0.3
8161 3.1
8162 5.5
8163 11.2
8164 17.4
8165 4.9
8166 1.6
8167 1.3
8168 14.4
8169 14.0
8170 13.7
8171 13.6
8172 9.6
8173 14.1
8174 2.3
8175 14.3
8176 4.1
8177 1.6
8178 2.2
8179 12.6
8180 7.1
8181 9.8
8182 11.4
8183 7.7
8184 10.8
8185 15.1
8186 9.7
8187 11.4
8188 15.1
8189 15.2
8190 7.5
8191 9.0
8192 13.7
8193 5.2
8194 0.7
8195 12.0
8196 15.0
8197 16.7
8198 13.1
8199 9.6
8200 0.5
8201 17.6
8202 11.1
8203 8.5
8204 9.2
8205 18.7
8206 1.5
8207 19.0
8208 8.3
8209 1.6
8210 10.7
8211 2.4
8212 6.6
8213 16.3
8214 12.5
8215 4.5
8216 6.6
8217 19.4
8218 6.3
8219 2.6
8220 3.7
8221 1.3
8222 5.4
8223 15.0
8224 2.8
8225 4.7
8226 7.9
8227 11.8
8228 18.7
8229 11.6
8230 7.6
8231 13.3
8232 3.4
8233 0.3
8234 9.8
8235 9.7
8236 11.5
8237 10.6
8238 13.8
8239 19.3
8240 9.0
8241 4.0
8242 11.5
8243 11.4
8244 6.2
8245 5.3
8246 13.7
8247 16.9
8248 3.5
8249 8.6
8250 10.8
8251 12.2
8252 8.2
8253 16.5
8254 11.9
8255 18.3
8256 15.8
8257 6.2
8258 5.0
8259 1.3
8260 3.5
8261 6.0
8262 12.7
8263 1.6
8264 8.4
8265 12.9
8266 5.4
8267 12.7
8268 16.1
8269 6.0
8270 3.7
8271 1.8
8272 14.0
8273 10.9
8274 1.6
8275 0.8
8276 4.6
8277 7.6
8278 16.9
8279 8.5
8280 16.3
8281 12.0
8282 14.8
8283 16.0
8284 1.5
8285 14.7
8286 1.7
8287 5.0
8288 7.5
8289 17.8
8290 11.8
8291 2.6
8292 16.0
8293 13.9
8294 11.2
8295 2.2
8296 6.3
8297 7.1
8298 9.5
8299 6.9
8300 9.0
8301 8.7
8302 13.2
8303 16.7
8304 12.3
8305 10.6
8306 14.3
8307 10.9
8308 6.3
8309 11.6
8310 4.1
8311 14.9
8312 18.9
8313 1.9
8314 13.0
8315 17.4
8316 10.5
8317 3.5
8318 6.4
8319 1.8
8320 8.0
8321 7.3
8322 5.4
8323 14.5
8324 17.6
8325 7.7
8326 9.2
8327 17.0
8328 7.0
8329 10.4
8330 18.5
8331 4.5
8332 3.5
8333 4.5
8334 15.3
8335 17.9
8336 17.1
8337 6.8
8338 6.8
8339 7.9
8340 11.5
8341 1.7
8342 0.6
8343 10.2
8344 7.9
8345 19.6
8346 6.8
8347 10.5
8348 14.1
8349 0.1
8350 11.3
8351 15.6
8352 2.5
8353 2.3
8354 18.1
8355 10.2
8356 4.6
8357 18.2
8358 11.1
8359 12.9
8360 17.4
8361 5.7
8362 11.9
8363 16.3
8364 7.0
8365 10.0
8366 1.9
8367 4.3
8368 12.1
8369 8.7
8370 11.5
8371 9.6
8372 12.8
8373 11.1
8374 14.7
8375 16.3
8376 12.2
8377 19.0
8378 18.9
8379 15.7
8380 0.6
8381 10.5
8382 3.2
8383 16.2
8384 7.4
8385 3.9
8386 13.7
8387 18.1
8388 4.6
8389 7.4
8390 9.2
8391 8.5
8392 10.6
8393 2.2
8394 15.9
8395 6.9
8396 14.5
8397 7.0
8398 10.7
8399 3.4
8400 3.3
8401 17.4
8402 14.4
8403 10.1
8404 12.8
8405 17.1
8406 6.0
8407 2.4
8408 2.1
8409 14.2
8410 10.4
8411 17.3
8412 3.9
8413 17.5
8414 3.1
8415 5.8
8416 19.8
8417 6.2
8418 2.8
8419 14.5
8420 11.6
8421 4.5
8422 11.9
8423 10.0
8424 7.2
8425 14.6
8426 6.7
8427 19.8
8428 15.1
8429 16.1
8430 0.7
8431 4.4
8432 17.5
8433 10.1
8434 16.7
8435 8.2
8436 16.1
8437 19.9
8438 6.2
8439 18.5
8440 3.4
8441 6.3
8442 13.0
8443 3.1
8444 15.0
8445 19.1
8446 10.1
8447 16.7
8448 0.2
8449 4.0
8450 3.5
8451 9.5
8452 2.1
8453 12.3
8454 19.7
8455 18.5
8456 12.2
8457 2.6
8458 14.4
8459 0.9
8460 5.2
8461 12.7
8462 3.4
8463 12.5
8464 18.2
8465 4.1
8466 1.1
8467 18.6
8468 19.0
8469 15.2
8470 18.8
8471 17.9
8472 6.9
8473 2.2
8474 8.8
8475 9.3
8476 15.9
8477 3.7
8478 14.7
8479 14.2
8480 8.9
8481 3.1
8482 11.4
8483 9.1
8484 12.3
8485 6.5
8486 10.5
8487 16.8
8488 7.6
8489 9.7
8490 1.9
8491 4.3
8492 17.2
8493 5.4
8494 16.1
8495 14.6
8496 19.5
8497 11.0
8498 10.6
8499 9.0
8500 9.1
8501 14.6
8502 6.7
8503 12.9
8504 7.6
8505 3.8
8506 18.8
8507 9.9
8508 18.0
8509 0.5
8510 8.7
8511 4.1
8512 3.2
8513 5.0
8514 2.9
8515 6.5
8516 15.6
8517 1.7
8518 18.3
8519 3.0
8520 17.9
8521 9.1
8522 13.4
8523 2.3
8524 11.6
8525 12.0
8526 15.9
8527 16.6
8528 18.5
8529 11.1
8530 8.7
8531 18.3
8532 1.3
8533 4.1
8534 16.6
8535 16.0
8536 12.9
8537 19.6
8538 17.1
8539 6.3
8540 9.9
8541 18.7
8542 9.2
8543 9.4
8544 12.3
8545 13.9
8546 10.4
8547 14.8
8548 3.5
8549 15.2
8550 14.0
8551 1.4
8552 14.7
8553 11.8
8554 8.6
8555 6.7
8556 2.2
8557 8.3
8558 17.7
8559 18.9
8560 18.1
8561 11.3
8562 15.7
8563 16.2
8564 8.6
8565 11.4
8566 14.6
8567 9.8
8568 12.1
8569 16.4
8570 12.1
8571 14.0
8572 3.8
8573 15.6
8574 14.3
8575 8.9
8576 13.4
8577 8.6
8578 3.9
8579 17.8
8580 17.2
8581 17.0
8582 17.9
8583 8.4
8584 8.8
8585 5.1
8586 16.7
8587 5.7
8588 3.2
8589 5.0
8590 15.4
8591 6.7
8592 9.1
8593 11.9
8594 7.3
8595 19.4
8596 0.4
8597 15.9
8598 1.8
8599 4.5
8600 0.7
8601 11.3
8602 17.0
8603 1.3
8604 6.7
8605 3.4
8606 2.7
8607 6.8
8608 2.8
8609 16.0
8610 15.0
8611 17.3
8612 17.9
8613 17.2
8614 12.1
8615 8.5
8616 7.7
8617 12.8
8618 15.7
8619 1.4
8620 5.3
8621 1.6
8622 13.4
8623 3.7
8624 11.1
8625 7.8
8626 14.4
8627 12.9
8628 0.2
8629 8.5
8630 3.4
8631 6.8
8632 18.4
8633 2.3
8634 0.2
8635 15.1
8636 14.1
8637 9.8
8638 10.9
8639 10.9
8640 5.8
8641 18.9
8642 12.9
8643 4.9
8644 11.7
8645 0.0
8646 8.9
8647 5.2
8648 15.9
8649 3.3
8650 6.7
8651 18.2
8652 17.7
8653 18.7
8654 16.2
8655 11.8
8656 7.6
8657 0.9
8658 19.6
8659 19.7
8660 10.0
8661 17.7
8662 4.7
8663 16.4
8664 18.3
8665 13.1
8666 12.4
8667 8.6
8668 8.8
8669 18.4
8670 8.0
8671 7.1
8672 5.9
8673 4.0
8674 6.7
8675 9.2
8676 15.6
8677 1.2
8678 16.7
8679 18.1
8680 18.5
8681 17.8
8682 7.9
8683 16.5
8684 10.4
8685 16.6
8686 13.7
8687 17.8
8688 1.4
8689 11.7
8690 13.8
8691 13.6
8692 0.6
8693 9.3
8694 3.6
8695 12.0
8696 11.4
8697 18.5
8698 4.6
8699 14.9
8700 8.8
8701 1.7
8702 13.6
8703 16.7
8704 2.0
8705 8.5
8706 1.8
8707 11.2
8708 1.4
8709 15.4
8710 15.2
8711 5.2
8712 9.6
8713 9.3
8714 4.4
8715 1.4
8716 1.5
8717 18.9
8718 3.2
8719 1.4
8720 18.7
8721 18.1
8722 7.8
8723 17.4
8724 12.4
8725 11.9
8726 2.2
8727 15.6
8728 8.3
8729 13.2
8730 19.5
8731 0.1
8732 13.8
8733 14.3
8734 14.6
8735 10.4
8736 8.9
8737 5.8
8738 19.2
8739 18.6
8740 15.0
8741 12.7
8742 18.3
8743 19.8
8744 18.4
8745 11.3
8746 2.9
8747 4.7
8748 4.8
8749 6.0
8750 13.8
8751 16.5
8752 16.5
8753 12.6
8754 1.9
8755 13.3
8756 7.4
8757 1.7
8758 4.0
8759 8.4
8760 10.2
8761 14.5
8762 0.6
8763 9.5
8764 0.0
8765 19.1
8766 16.9
8767 19.8
8768 5.3
8769 11.2
8770 1.8
8771 10.2
8772 10.4
8773 16.0
8774 5.7
8775 13.4
8776 18.8
8777 0.0
8778 0.8
8779 17.8
8780 8.1
8781 19.1
8782 11.5
8783 17.1
8784 11.3
8785 13.2
8786 13.5
8787 17.5
8788 1.3
8789 4.9
8790 19.0
8791 6.8
8792 15.3
8793 7.5
8794 1.2
8795 19.2
8796 0.8
8797 18.2
8798 5.0
8799 16.5
8800 1.3
8801 15.7
8802 3.7
8803 0.0
8804 8.0
8805 4.8
8806 8.1
8807 8.8
8808 9.8
8809 18.2
8810 1.5
8811 1.1
8812 14.9
8813 18.5
8814 1.6
8815 6.8
8816 1.0
8817 9.8
8818 2.1
8819 13.7
8820 8.0
8821 3.3
8822 1.3
8823 11.3
8824 3.8
8825 0.6
8826 13.0
8827 12.3
8828 5.3
8829 16.6
8830 8.8
8831 2.5
8832 6.1
8833 10.1
8834 17.9
8835 12.4
8836 7.4
8837 8.2
8838 17.2
8839 3.3
8840 5.9
8841 3.2
8842 3.9
8843 8.8
8844 0.0
8845 19.2
8846 7.6
8847 9.3
8848 15.7
8849 17.2
8850 8.8
8851 15.9
8852 3.1
8853 4.7
8854 8.8
8855 11.8
8856 5.7
8857 8.0
8858 10.6
8859 8.3
8860 4.3
8861 1.3
8862 7.9
8863 18.3
8864 7.2
8865 2.7
8866 6.5
8867 10.1
8868 11.5
8869 18.0
8870 10.9
8871 2.7
8872 0.6
8873 18.6
8874 12.4
8875 17.9
8876 6.2
8877 14.3
8878 6.8
8879 0.9
8880 19.0
8881 7.9
8882 14.2
8883 18.9
8884 0.6
8885 19.7
8886 14.8
8887 14.4
8888 9.5
8889 6.6
8890 8.9
8891 8.3
8892 9.4
8893 7.7
8894 1.2
8895 8.2
8896 14.7
8897 2.0
8898 2.7
8899 16.0
8900 7.0
8901 4.8
8902 16.8
8903 10.0
8904 14.1
8905 18.3
8906 2.6
8907 5.8
8908 14.7
8909 9.0
8910 1.9
8911 18.8
8912 17.6
8913 15.1
8914 17.7
8915 13.4
8916 2.5
8917 12.1
8918 7.6
8919 13.8
8920 14.8
8921 16.3
8922 10.7
8923 8.8
8924 11.5
8925 2.0
8926 1.1
8927 18.3
8928 1.8
8929 1.9
8930 2.8
8931 10.5
8932 2.2
8933 15.6
8934 19.4
8935 10.4
8936 3.6
8937 8.3
8938 14.9
8939 9.4
8940 18.0
8941 16.5
8942 0.5
8943 4.3
8944 10.4
8945 6.3
8946 7.1
8947 14.4
8948 17.2
8949 10.2
8950 6.8
8951 4.0
8952 11.6
8953 19.7
8954 10.8
8955 19.8
8956 1.2
8957 5.2
8958 3.0
8959 0.0
8960 19.2
8961 8.5
8962 19.4
8963 1.9
8964 19.3
8965 3.5
8966 15.0
8967 19.3
8968 4.9
8969 19.5
8970 16.9
8971 19.8
8972 5.1
8973 7.6
8974 11.1
8975 17.7
8976 2.6
8977 3.5
8978 9.8
8979 13.3
8980 17.2
8981 15.9
8982 12.9
8983 15.0
8984 2.6
8985 8.4
8986 16.8
8987 17.6
8988 17.5
8989 17.9
8990 6.7
8991 18.7
8992 17.0
8993 4.6
8994 11.2
8995 11.6
8996 14.6
8997 15.2
8998 11.2
8999 0.5
9000 13.4
9001 13.9
9002 6.6
9003 18.1
9004 11.0
9005 10.0
9006 8.5
9007 14.6
9008 13.7
9009 7.3
9010 13.5
9011 5.0
9012 12.4
9013 14.6
9014 16.6
9015 19.2
9016 6.7
9017 1.3
9018 5.8
9019 2.8
9020 0.7
9021 12.3
9022 11.8
9023 6.0
9024 16.4
9025 8.1
9026 4.9
9027 7.0
9028 15.0
9029 0.1
9030 14.1
9031 8.0
9032 13.6
9033 18.2
9034 9.1
9035 9.4
9036 16.8
9037 14.3
9038 19.3
9039 13.0
9040 13.8
9041 17.0
9042 19.4
9043 11.4
9044 15.1
9045 5.8
9046 14.4
9047 8.3
9048 12.2
9049 6.7
9050 13.6
9051 10.0
9052 12.8
9053 0.2
9054 8.2
9055 17.3
9056 11.3
9057 6.6
9058 9.9
9059 7.8
9060 7.9
9061 0.9
9062 4.9
9063 14.0
9064 13.0
9065 4.9
9066 12.2
9067 2.2
9068 18.9
9069 4.2
9070 12.1
9071 9.4
9072 11.3
9073 17.2
9074 8.7
9075 16.2
9076 6.7
9077 7.5
9078 7.4
9079 7.4
9080 10.1
9081 18.7
9082 2.8
9083 15.7
9084 4.6
9085 8.3
9086 4.3
9087 10.0
9088 1.4
9089 9.4
9090 3.2
9091 9.6
9092 17.1
9093 11.6
9094 8.6
9095 14.3
9096 18.5
9097 3.9
9098 16.1
9099 8.1
9100 11.3
9101 12.1
9102 13.7
9103 19.3
9104 8.1
9105 13.1
9106 12.1
9107 7.1
9108 12.4
9109 0.8
9110 5.6
9111 9.0
9112 10.9
9113 1.7
9114 5.2
9115 12.2
9116 14.1
9117 12.9
9118 17.4
9119 9.2
9120 15.9
9121 3.2
9122 3.7
9123 3.9
9124 2.0
9125 3.8
9126 13.8
9127 19.6
9128 12.9
9129 14.9
9130 5.4
9131 16.2
9132 19.3
9133 0.0
9134 14.0
9135 11.1
9136 19.9
9137 8.2
9138 8.6
9139 16.3
9140 14.8
9141 0.7
9142 17.5
9143 6.9
9144 8.9
9145 18.4
9146 8.2
9147 18.5
9148 11.4
9149 3.4
9150 2.2
9151 15.4
9152 1.5
9153 15.7
9154 6.3
9155 17.7
9156 2.4
9157 17.0
9158 12.1
9159 11.9
9160 8.5
9161 3.8
9162 3.5
9163 10.3
9164 6.3
9165 10.0
9166 15.8
9167 11.6
9168 15.9
9169 15.8
9170 16.1
9171 1.0
9172 16.8
9173 10.7
9174 17.0
9175 12.1
9176 9.1
9177 6.8
9178 4.3
9179 18.0
9180 4.7
9181 5.7
9182 3.1
9183 4.8
9184 8.3
9185 12.9
9186 8.8
9187 17.6
9188 12.2
9189 15.0
9190 0.6
9191 7.7
9192 16.2
9193 3.9
9194 4.5
9195 14.6
9196 5.7
9197 0.7
9198 7.6
9199 7.7
9200 12.4
9201 11.4
9202 15.7
9203 7.4
9204 1.3
9205 5.6
9206 10.2
9207 5.8
9208 0.8
9209 0.2
9210 5.1
9211 3.2
9212 3.4
9213 12.2
9214 3.0
9215 2.0
9216 3.1
9217 6.3
9218 15.7
9219 16.1
9220 7.9
9221 6.1
9222 3.7
9223 18.5
9224 16.3
9225 1.9
9226 14.4
9227 6.4
9228 11.4
9229 3.8
9230 6.5
9231 14.1
9232 5.9
9233 2.7
9234 15.2
9235 7.7
9236 19.8
9237 9.8
9238 10.2
9239 2.6
9240 9.1
9241 17.4
9242 14.2
9243 8.1
9244 3.0
9245 14.5
9246 16.6
9247 19.3
9248 1.4
9249 19.6
9250 10.5
9251 8.7
9252 2.5
9253 10.7
9254 7.5
9255 10.3
9256 19.8
9257 19.9
9258 1.6
9259 18.9
9260 19.0
9261 15.0
9262 4.1
9263 16.1
9264 0.7
9265 10.9
9266 4.4
9267 12.0
9268 15.1
9269 9.3
9270 3.1
9271 16.7
9272 4.1
9273 3.5
9274 3.2
9275 15.5
9276 15.1
9277 4.9
9278 19.6
9279 18.0
9280 2.9
9281 13.1
9282 1.0
9283 6.4
9284 12.5
9285 14.0
9286 18.7
9287 0.3
9288 2.1
9289 0.7
9290 12.9
9291 10.0
9292 14.5
9293 0.9
9294 4.1
9295 5.1
9296 6.2
9297 6.7
9298 14.2
9299 11.9
9300 11.6
9301 11.7
9302 3.6
9303 19.6
9304 2.2
9305 18.2
9306 6.9
9307 8.9
9308 0.2
9309 8.0
9310 17.9
9311 13.6
9312 13.5
9313 0.1
9314 6.7
9315 13.4
9316 16.8
9317 10.8
9318 5.0
9319 11.4
9320 1.2
9321 18.9
9322 15.9
9323 5.8
9324 19.9
9325 16.4
9326 5.2
9327 3.3
9328 11.3
9329 8.9
9330 14.7
9331 1.4
9332 4.1
9333 7.0
9334 9.7
9335 2.9
9336 4.6
9337 13.8
9338 13.7
9339 3.2
9340 1.7
9341 14.5
9342 18.4
9343 15.3
9344 2.6
9345 4.1
9346 8.0
9347 3.0
9348 17.3
9349 17.5
9350 7.5
9351 14.3
9352 14.5
9353 12.0
9354 14.2
9355 16.3
9356 11.7
9357 5.2
9358 2.3
9359 19.8
9360 2.3
9361 15.6
9362 4.5
9363 12.8
9364 0.2
9365 17.2
9366 18.7
9367 9.5
9368 9.2
9369 5.2
9370 12.0
9371 10.8
9372 6.6
9373 15.2
9374 3.0
9375 5.9
9376 5.6
9377 8.7
9378 18.0
9379 11.6
9380 1.6
9381 1.7
9382 13.0
9383 3.8
9384 13.3
9385 15.4
9386 4.9
9387 15.5
9388 3.0
9389 18.7
9390 12.5
9391 3.9
9392 0.2
9393 4.0
9394 15.3
9395 9.0
9396 1.2
9397 3.5
9398 15.7
9399 0.5
9400 8.4
9401 0.7
9402 18.1
9403 5.7
9404 11.1
9405 14.5
9406 5.7
9407 6.7
9408 2.9
9409 3.3
9410 5.3
9411 4.3
9412 9.3
9413 7.1
9414 2.8
9415 10.8
9416 17.5
9417 3.1
9418 19.8
9419 12.6
9420 1.3
9421 2.3
9422 15.5
9423 2.3
9424 6.3
9425 11.2
9426 14.6
9427 12.8
9428 10.6
9429 8.7
9430 13.9
9431 8.3
9432 1.2
9433 14.4
9434 1.4
9435 3.5
9436 11.0
9437 9.6
9438 3.0
9439 5.2
9440 3.8
9441 16.9
9442 13.3
9443 4.1
9444 3.2
9445 3.5
9446 12.4
9447 3.6
9448 3.3
9449 13.3
9450 16.7
9451 7.9
9452 17.6
9453 17.8
9454 12.4
9455 13.8
9456 9.8
9457 7.2
9458 4.6
9459 11.8
9460 16.8
9461 1.3
9462 4.2
9463 17.4
9464 0.6
9465 8.2
9466 19.7
9467 14.1
9468 9.8
9469 8.9
9470 0.0
9471 10.6
9472 15.1
9473 16.3
9474 9.7
9475 12.0
9476 9.4
9477 5.0
9478 7.1
9479 1.8
9480 13.6
9481 13.3
9482 17.0
9483 12.4
9484 19.4
9485 12.2
9486 18.8
9487 19.6
9488 11.0
9489 6.1
9490 6.4
9491 15.1
9492 19.4
9493 12.7
9494 8.6
9495 5.6
9496 15.9
9497 12.2
9498 16.7
9499 6.0
9500 11.1
9501 13.6
9502 18.7
9503 10.5
9504 8.4
9505 4.4
9506 2.9
9507 16.5
9508 8.1
9509 14.4
9510 14.4
9511 8.2
9512 14.4
9513 4.5
9514 16.9
9515 18.3
9516 8.8
9517 4.1
9518 12.8
9519 4.2
9520 2.3
9521 3.5
9522 16.3
9523 0.9
9524 7.6
9525 4.2
9526 4.1
9527 8.0
9528 15.4
9529 4.3
9530 0.1
9531 13.2
9532 11.4
9533 8.2
9534 4.4
9535 15.8
9536 8.0
9537 7.1
9538 0.5
9539 4.3
9540 13.5
9541 10.5
9542 16.4
9543 7.3
9544 17.2
9545 12.9
9546 4.9
9547 4.4
9548 2.8
9549 13.3
9550 11.5
9551 12.7
9552 11.5
9553 5.3
9554 16.5
9555 19.8
9556 17.8
9557 16.2
9558 17.7
9559 11.1
9560 12.4
9561 12.2
9562 16.5
9563 11.3
9564 14.1
9565 5.7
9566 18.3
9567 11.6
9568 9.6
9569 18.5
9570 15.7
9571 19.2
9572 8.3
9573 16.2
9574 3.7
9575 18.6
9576 12.9
9577 2.8
9578 3.8
9579 0.1
9580 6.0
9581 12.9
9582 1.8
9583 18.3
9584 10.0
9585 10.4
9586 12.0
9587 5.9
9588 5.7
9589 5.2
9590 8.2
9591 19.5
9592 3.3
9593 19.5
9594 18.4
9595 19.8
9596 11.0
9597 10.6
9598 1.4
9599 11.9
9600 15.9
9601 17.4
9602 3.3
9603 3.0
9604 12.9
9605 5.3
9606 5.8
9607 10.5
9608 6.6
9609 2.7
9610 2.8
9611 4.8
9612 6.6
9613 2.4
9614 9.6
9615 2.2
9616 19.1
9617 15.9
9618 13.8
9619 17.9
9620 13.9
9621 1.0
9622 5.5
9623 19.8
9624 9.2
9625 6.5
9626 15.8
9627 2.4
9628 19.2
9629 2.5
9630 12.8
9631 15.6
9632 14.6
9633 16.1
9634 6.1
9635 4.2
9636 18.9
9637 15.1
9638 16.4
9639 5.1
9640 18.0
9641 4.1
9642 9.5
9643 4.6
9644 0.4
9645 8.0
9646 10.5
9647 12.9
9648 14.3
9649 0.7
9650 6.1
9651 2.0
9652 15.8
9653 4.9
9654 18.0
9655 14.3
9656 3.4
9657 12.8
9658 5.0
9659 17.1
9660 5.5
9661 16.2
9662 8.6
9663 8.6
9664 10.1
9665 15.0
9666 19.6
9667 14.4
9668 13.2
9669 16.5
9670 0.9
9671 6.7
9672 14.7
9673 10.7
9674 17.9
9675 12.7
9676 5.3
9677 19.6
9678 11.4
9679 7.5
9680 3.3
9681 1.1
9682 1.4
9683 5.6
9684 16.5
9685 8.6
9686 6.2
9687 7.1
9688 11.9
9689 0.5
9690 15.4
9691 14.7
9692 16.7
9693 18.6
9694 1.4
9695 5.7
9696 9.1
9697 5.0
9698 12.4
9699 2.0
9700 5.6
9701 10.5
9702 4.5
9703 2.1
9704 5.1
9705 13.2
9706 5.1
9707 1.5
9708 13.0
9709 0.8
9710 9.4
9711 17.6
9712 4.1
9713 0.8
9714 9.7
9715 13.2
9716 6.8
9717 3.5
9718 4.8
9719 18.0
9720 2.2
9721 3.6
9722 4.1
9723 19.5
9724 1.2
9725 1.1
9726 15.6
9727 7.3
9728 8.1
9729 5.7
9730 9.6
9731 3.3
9732 16.7
9733 8.8
9734 15.5
9735 10.9
9736 7.9
9737 3.3
9738 0.5
9739 0.1
9740 12.5
9741 12.0
9742 12.2
9743 9.3
9744 17.9
9745 7.3
9746 4.2
9747 17.2
9748 12.0
9749 16.6
9750 10.3
9751 16.1
9752 3.6
9753 3.2
9754 5.0
9755 5.7
9756 8.3
9757 15.4
9758 11.4
9759 0.3
9760 3.5
9761 11.0
9762 12.3
9763 16.4
9764 5.2
9765 18.3
9766 16.7
9767 16.0
9768 13.2
9769 6.9
9770 5.9
9771 3.5
9772 2.7
9773 11.1
9774 9.7
9775 14.1
9776 9.0
9777 18.7
9778 7.7
9779 1.1
9780 1.1
9781 6.5
9782 3.0
9783 15.4
9784 19.6
9785 5.4
9786 13.1
9787 15.9
9788 16.6
9789 13.2
9790 7.1
9791 3.4
9792 6.9
9793 10.2
9794 9.8
9795 7.3
9796 14.7
9797 5.6
9798 5.4
9799 14.5
9800 4.5
9801 4.5
9802 5.9
9803 19.9
9804 8.1
9805 16.3
9806 13.5
9807 16.4
9808 12.2
9809 15.4
9810 19.0
9811 19.0
9812 4.3
9813 5.8
9814 8.9
9815 14.0
9816 4.4
9817 17.7
9818 4.6
9819 17.8
9820 7.5
9821 13.9
9822 3.6
9823 3.4
9824 16.2
9825 18.8
9826 8.1
9827 18.8
9828 0.8
9829 6.5
9830 1.1
9831 2.8
9832 16.7
9833 13.3
9834 8.7
9835 16.1
9836 18.6
9837 12.7
9838 16.1
9839 7.0
9840 2.5
9841 1.6
9842 6.4
9843 15.4
9844 8.2
9845 18.7
9846 2.1
9847 1.0
9848 9.4
9849 19.0
9850 14.4
9851 6.2
9852 1.3
9853 18.8
9854 17.5
9855 5.6
9856 1.4
9857 6.8
9858 11.7
9859 12.0
9860 6.3
9861 14.1
9862 18.6
9863 5.3
9864 11.0
9865 11.2
9866 6.0
9867 18.3
9868 17.8
9869 4.7
9870 9.0
9871 6.4
9872 4.1
9873 10.8
9874 0.1
9875 16.8
9876 14.2
9877 14.6
9878 15.7
9879 4.0
9880 10.2
9881 4.0
9882 14.1
9883 17.4
9884 8.0
9885 1.2
9886 1.2
9887 2.3
9888 11.9
9889 2.8
9890 0.0
9891 5.1
9892 8.5
9893 11.9
9894 17.6
9895 13.7
9896 19.7
9897 5.8
9898 14.2
9899 16.3
9900 18.9
9901 18.3
9902 15.9
9903 6.1
9904 14.3
9905 16.0
9906 12.3
9907 5.5
9908 12.2
9909 17.7
9910 13.4
9911 10.6
9912 12.9
9913 5.2
9914 17.0
9915 1.5
9916 2.4
9917 17.3
9918 11.8
9919 14.7
9920 8.7
9921 16.5
9922 3.0
9923 19.1
9924 8.5
9925 17.3
9926 7.2
9927 11.5
9928 8.9
9929 2.4
9930 8.9
9931 16.2
9932 7.1
9933 14.7
9934 2.7
9935 13.7
9936 17.4
9937 1.7
9938 1.2
9939 2.6
9940 18.6
9941 3.0
9942 15.5
9943 2.9
9944 9.9
9945 8.5
9946 8.9
9947 19.7
9948 12.2
9949 10.1
9950 2.5
9951 0.0
9952 8.2
9953 1.4
9954 13.3
9955 17.6
9956 17.0
9957 17.7
9958 18.3
9959 14.4
9960 5.4
9961 11.8
9962 2.5
9963 16.8
9964 1.3
9965 1.5
9966 14.6
9967 5.7
9968 16.3
9969 1.0
9970 7.0
9971 14.0
9972 3.5
9973 6.0
9974 0.0
9975 6.8
9976 17.6
9977 19.2
9978 10.2
9979 10.0
9980 16.0
9981 3.8
9982 1.7
9983 17.1
9984 15.0
9985 14.5
9986 19.2
9987 13.2
9988 3.4
9989 8.1
9990 4.8
9991 14.6
9992 7.1
9993 3.9
9994 8.2
9995 8.1
9996 12.2
9997 17.5
9998 10.5
9999 19.2
10000 4.2
